! Configs
modo vi
nome  Sorteio_20241118_147
integrador  verlet                                                                                              
timestep  0.40000000000000001E-1
potsoft  0.40000000000000001E-1
passos  100
t0  0
tf  10000

! Usar paralelisacao nas forcas
paralelo  T

! Opcoes do corretor
corretor  F
margem_erro  0.10000000000000000E-2
max_num_tentativas  1

! Opcoes de colisao
colisoes  F
max_distancia  0.80000000000000002E-1

! Valores do problema
N  100
G  1.0000000000000000

! Massas
0.10000000000000000E-1
0.10000000000000000E-1
0.10000000000000000E-1
0.10000000000000000E-1
0.10000000000000000E-1
0.10000000000000000E-1
0.10000000000000000E-1
0.10000000000000000E-1
0.10000000000000000E-1
0.10000000000000000E-1
0.10000000000000000E-1
0.10000000000000000E-1
0.10000000000000000E-1
0.10000000000000000E-1
0.10000000000000000E-1
0.10000000000000000E-1
0.10000000000000000E-1
0.10000000000000000E-1
0.10000000000000000E-1
0.10000000000000000E-1
0.10000000000000000E-1
0.10000000000000000E-1
0.10000000000000000E-1
0.10000000000000000E-1
0.10000000000000000E-1
0.10000000000000000E-1
0.10000000000000000E-1
0.10000000000000000E-1
0.10000000000000000E-1
0.10000000000000000E-1
0.10000000000000000E-1
0.10000000000000000E-1
0.10000000000000000E-1
0.10000000000000000E-1
0.10000000000000000E-1
0.10000000000000000E-1
0.10000000000000000E-1
0.10000000000000000E-1
0.10000000000000000E-1
0.10000000000000000E-1
0.10000000000000000E-1
0.10000000000000000E-1
0.10000000000000000E-1
0.10000000000000000E-1
0.10000000000000000E-1
0.10000000000000000E-1
0.10000000000000000E-1
0.10000000000000000E-1
0.10000000000000000E-1
0.10000000000000000E-1
0.10000000000000000E-1
0.10000000000000000E-1
0.10000000000000000E-1
0.10000000000000000E-1
0.10000000000000000E-1
0.10000000000000000E-1
0.10000000000000000E-1
0.10000000000000000E-1
0.10000000000000000E-1
0.10000000000000000E-1
0.10000000000000000E-1
0.10000000000000000E-1
0.10000000000000000E-1
0.10000000000000000E-1
0.10000000000000000E-1
0.10000000000000000E-1
0.10000000000000000E-1
0.10000000000000000E-1
0.10000000000000000E-1
0.10000000000000000E-1
0.10000000000000000E-1
0.10000000000000000E-1
0.10000000000000000E-1
0.10000000000000000E-1
0.10000000000000000E-1
0.10000000000000000E-1
0.10000000000000000E-1
0.10000000000000000E-1
0.10000000000000000E-1
0.10000000000000000E-1
0.10000000000000000E-1
0.10000000000000000E-1
0.10000000000000000E-1
0.10000000000000000E-1
0.10000000000000000E-1
0.10000000000000000E-1
0.10000000000000000E-1
0.10000000000000000E-1
0.10000000000000000E-1
0.10000000000000000E-1
0.10000000000000000E-1
0.10000000000000000E-1
0.10000000000000000E-1
0.10000000000000000E-1
0.10000000000000000E-1
0.10000000000000000E-1
0.10000000000000000E-1
0.10000000000000000E-1
0.10000000000000000E-1
0.10000000000000000E-1

! Posicoes
0.28593680550296002 ,0.70997588836567960 ,0.72571250290970402 ,
-0.14561391818760061 ,0.10125861534316671 ,-0.33774598044242807E-1 ,
0.72416625711283700 ,-0.51113735651507797 ,0.33740670694593672 ,
-0.75055673358555075 ,-0.52156623113351397 ,-0.75889131262321474 ,
-0.15089478964277114 ,-0.44761865838400738 ,0.42131299932399058 ,
0.97960617813617012 ,0.86314342038425529 ,-0.64000064244376675 ,
0.83668410341443927E-1 ,0.87288833150905731 ,-0.13828988938471160 ,
-0.65141186888478209 ,-0.51338539095329550 ,-0.39092198915442977 ,
-0.75030474161499339 ,-0.38249074871395339 ,1.0582946891797265 ,
0.26913972478060205 ,-0.45120809183016636 ,0.87330298618065616 ,
-0.85013598924660638 ,-0.16101896337267335 ,0.28404987132994536 ,
-0.32663455867928992 ,-0.41518124343504909 ,-0.23863157172444449 ,
0.71279049352515944E-1 ,0.60388250545863609 ,-0.26043282396823464 ,
0.27827157765386155E-1 ,0.96109590249528989E-1 ,-0.44718180272263530 ,
0.82894083114008454 ,0.31471964269233160 ,-0.12805573126310460 ,
0.87382902536645191 ,0.22471906390196847 ,0.24469818864644763 ,
0.10343846617184459 ,-0.28683528968552197 ,-0.83375091799240963 ,
0.92210903333475747 ,0.25427727788502813 ,0.86055783959844223 ,
0.79985768036234167E-1 ,0.89805200127092283E-1 ,0.10094049660436789E-1 ,
-0.20862788664808793 ,-0.66654327281174119 ,-0.32989586604761484 ,
-0.71248199818444791 ,-0.14785525424746943 ,-0.69502383512854327 ,
0.66639616905326882 ,0.53793561949654389 ,-0.75987118090846939 ,
-0.33064551216248288E-1 ,0.35151811728590016 ,0.84994399965538736 ,
-0.60109476302637732 ,-0.72741355543091302 ,-0.46782398743246084 ,
0.23551854933330987 ,-0.44168759430103716 ,-0.27447534850203587 ,
0.64191649569437639E-1 ,-0.74149076457762251E-2 ,0.33892842096726328 ,
0.88760894776090271 ,-0.74629129551415319 ,0.72529006753252268 ,
-0.18171271154286009 ,0.78155103422578542 ,-0.61354646887519182 ,
0.30003506339436736 ,-0.35550264301676759 ,0.85858952283115575 ,
-0.67886890093062069 ,-0.59517232875195580 ,0.22657170869165841 ,
0.67467911368456179 ,0.18216236577231096 ,0.82757444135710609E-1 ,
-0.62197528888860476 ,-0.43614388688532901E-1 ,-0.56721233205099464 ,
0.42211520218046128 ,-0.49296167114968198 ,-0.35013306443568190E-1 ,
-0.46813653875034394 ,-0.65021870602308429 ,0.43083467790781593 ,
0.74018279666049747 ,0.13218510265139527 ,0.49823654252442451 ,
-0.13830125438376215 ,-0.20390725908189911 ,0.18280403578984070E-1 ,
-0.46070683054685435 ,0.83347356638556702 ,0.20851870660335955 ,
0.48365190592276763 ,0.30531120921664445 ,0.19222458102912696 ,
-0.83512154347694700 ,0.97620591212723573 ,0.47231135837248911 ,
-0.40952860590201104E-1 ,-0.55816705802663813 ,-0.19970433316051811 ,
0.86296926206915470 ,-0.52034567620971006 ,0.21939480623479991E-1 ,
-0.91955765702736203 ,0.19280430199574364 ,-0.12156275823295844 ,
0.54310094369534145 ,0.19481927933457957 ,-0.77552001265042647 ,
-0.45964125358435043 ,-0.14711653726545817 ,-0.50501452238561909E-1 ,
-0.97589605360622653E-1 ,0.23844841887884793 ,-0.24547226121416989E-1 ,
-0.10892744583538379 ,-0.48509817103877434 ,-0.20964127390903844 ,
0.35634409314162985 ,-0.70729685151662114 ,-0.56299157603810102 ,
0.89208322300733356 ,0.59354751600110889 ,-0.32997481095414477 ,
-0.12993205355397852 ,1.0418578005281798 ,-0.14436014160378227 ,
0.76120594815087395 ,-0.31140544261018832 ,0.27232766054990101E-1 ,
-0.59567111455910104 ,-0.23227621424920239 ,0.89087503536503643 ,
-0.51648408712825378 ,-0.96233348479604144E-1 ,0.87967072402980323E-1 ,
0.89212136911722217 ,-0.63423739159177117 ,-0.65837745658656566 ,
-0.73029088623357041 ,0.17397993232137268E-1 ,1.0730546653819448 ,
-0.66358884997262102 ,-0.34409930481571388 ,0.68504547235669744 ,
0.91054229935340869 ,-0.30295723992876578 ,-0.61276454376893508 ,
-0.11257703708262387 ,-0.46112974491479347 ,0.23218227742833986 ,
-0.37268053429522924 ,0.46278086819941056 ,-0.27612688528836582 ,
0.49475058458816285 ,0.99326309527500822 ,-0.69006206381228929 ,
-0.88046295108723449 ,-0.63667571944179451E-2 ,-0.42985295875570234E-1 ,
0.24281526690026026 ,-0.50693712728263585 ,0.48671702190366023 ,
0.86473022216690953 ,0.12689204055847375 ,-0.65218141034346522 ,
0.26886827217399434 ,-0.19710827359757738E-1 ,-0.41804930011626329 ,
-0.89762754612898843 ,0.81100895201457679 ,0.46973629639945463 ,
0.94933689002558597 ,-0.34671641047891871 ,-0.24680585045897735 ,
-0.14330277566315189 ,-0.66244858305583998 ,0.71371454529066369 ,
0.50519727102599576 ,0.20268162229582587 ,-0.51156649426791601E-1 ,
-0.70975918536452920 ,0.54201654856664960 ,0.61389302921451794 ,
-0.19051197285444221 ,-0.66092405230956275E-1 ,-0.37505138071791855 ,
0.72901885239102404 ,0.11243813294175393 ,0.74955917571493691 ,
0.36653621356833216 ,-0.79229937586980181 ,-0.50599147226836449 ,
0.49810628476290397 ,-0.60715763410570223 ,-0.39579545675147909 ,
0.24588993137284612 ,0.51840351971769538 ,-0.48588195891645020 ,
0.83274256995002849 ,0.80465624556322857 ,1.0674883107583057 ,
-0.15159779542579041 ,0.55273013197697218 ,-0.47024658058556484 ,
0.42405139763372873 ,-0.79624964371651410E-1 ,-0.33288219782827988 ,
-0.69448732447765382 ,-0.82541493510243447 ,0.73826458534990780 ,
0.87957180314016103 ,0.20696273214229582 ,0.49169076990627586E-1 ,
0.46913340290974792 ,-0.66729108401749004E-1 ,-0.30764889316928601 ,
-0.40166032180603661 ,0.28145717240321605 ,0.45453957964472702 ,
-0.15641337265085298 ,-0.26779667617003350 ,-0.25407092785644236 ,
0.64742842194386907 ,-0.86662177943844006E-2 ,0.51009296332779219 ,
0.88041206650414733E-1 ,-0.40956349515816692 ,-0.65733445021732917 ,
-0.30431740696497681E-1 ,0.80602448069781785 ,-0.57180614552003062 ,
-0.59449468637074683E-1 ,0.98999613141528553E-1 ,-0.63502267726064032 ,
-0.67110253990640567 ,0.37893612285419115 ,0.46005452216520704 ,
0.43764732996042456E-2 ,0.33861342236597791 ,1.0745174861210973 ,
-0.62301556120957091 ,0.75257072765509514 ,-0.38327509322746017 ,
-0.43913754763927937 ,0.74096450074909212E-1 ,0.14610950907225045 ,
0.23046078875951553 ,0.72213673816709278 ,-0.42577136541675992 ,
-0.47846740978698887 ,-0.67115589664959141 ,-0.68184299864245757 ,
-0.73890657732517173 ,-0.47689449849013643 ,-0.83498821444481519 ,
-0.86282423501985683 ,0.80825067671119510 ,0.97394185204537931 ,
-0.16177293692473615 ,0.58827037114256775 ,0.72094083149633692 ,
-0.74148607380176657 ,-0.24503861929142029 ,-0.51117561409868680E-1 ,
0.78356041471817628E-1 ,0.69275172401650997 ,0.17526351338554311 ,
0.19228083368206159 ,-0.26972800721479806 ,-0.57007691824215156 ,
0.11562182624234695 ,-0.17933995679435119 ,0.12580899188470213 ,
-0.94488460526959728 ,-0.41232484435935052 ,-0.40592899046289654 ,
-0.77914760345947986 ,-0.89654498982113839 ,-0.24118539974934416 ,

! Momentos
0.31676645976332122E-2 ,-0.11370591863940302E-4 ,-0.62939783572496669E-2 ,
-0.44040768516151671E-2 ,-0.94659242270764485E-2 ,0.28772332775664632E-2 ,
0.65902248877776973E-2 ,0.34600411566502952E-2 ,-0.26599288520785763E-2 ,
-0.40548809910815383E-2 ,0.96274284651309324E-2 ,0.17908015283790368E-3 ,
-0.50439294260641648E-2 ,-0.28992132194399249E-2 ,-0.55045087747109160E-2 ,
0.22464226764232231E-2 ,-0.15152866457684385E-2 ,-0.62993801171701991E-2 ,
-0.59950779149420385E-2 ,-0.10385586853118642E-1 ,0.38184752457621480E-2 ,
-0.65820709930919548E-2 ,0.40033508601175667E-2 ,-0.61307079592027246E-3 ,
0.11088915061778911E-2 ,0.17577316874217098E-2 ,-0.42881768746833001E-2 ,
0.54311498782083564E-2 ,0.75504096497731165E-2 ,0.12864270665749915E-2 ,
-0.72071559970821293E-2 ,0.35842212508843921E-2 ,-0.12688601061386169E-2 ,
-0.19640699890013675E-2 ,-0.22178454903563232E-2 ,-0.56193855233551923E-3 ,
-0.76356743577628951E-2 ,0.24616112579949824E-2 ,0.30900550671934825E-2 ,
0.75436237128346855E-2 ,-0.35338568353424082E-2 ,-0.61536926171150185E-2 ,
-0.57557490525761501E-2 ,-0.98212686023761726E-2 ,-0.37071451939726385E-2 ,
-0.60247730971259121E-2 ,-0.42179062279301153E-2 ,-0.50036236044396160E-2 ,
0.55297516653014236E-2 ,-0.26095770619142182E-2 ,-0.38607626685078973E-2 ,
-0.29589283376163134E-2 ,0.28171819342196732E-2 ,-0.74727108693850245E-2 ,
-0.48932935694666569E-2 ,-0.65692919721020088E-2 ,0.47517021106668967E-2 ,
0.13889860706349027E-2 ,0.66357399357548433E-2 ,0.80560498300128111E-2 ,
-0.20435948191014457E-2 ,0.95104004917214331E-2 ,-0.83064104083453699E-2 ,
0.31244029901700164E-2 ,0.22275118727783983E-2 ,0.62179447834044554E-2 ,
-0.79538475543554782E-2 ,0.36720552621630665E-2 ,0.60264621106101597E-3 ,
0.21693925294618117E-2 ,-0.55827345422941391E-2 ,-0.20724140091105212E-2 ,
0.88600647644128967E-2 ,0.68935628934343827E-2 ,0.22081872793795906E-2 ,
0.64062653972420192E-2 ,0.51959983567480628E-2 ,0.65196431767238269E-2 ,
-0.51943014407076159E-3 ,0.15587969463076043E-3 ,-0.10600565358180223E-3 ,
-0.95455235130473080E-2 ,-0.18635966335006958E-2 ,-0.22730630002505709E-2 ,
-0.37713613310829536E-2 ,-0.38415334390964444E-2 ,0.71997277369590708E-3 ,
-0.43749083336343140E-2 ,-0.86069600035928295E-2 ,-0.16177896375630166E-2 ,
0.20474683372704232E-2 ,-0.66290080724544301E-2 ,0.48477039019602540E-2 ,
0.70256974698622906E-3 ,-0.50147594465062692E-2 ,0.88252696700934080E-2 ,
-0.10953615500264304E-2 ,-0.88833809411758523E-2 ,0.49669087129294688E-2 ,
-0.51198177409085771E-2 ,0.60475306452589207E-2 ,0.66270476186706178E-2 ,
-0.46151302763127507E-2 ,0.43444060910303147E-2 ,-0.79711625839416836E-2 ,
-0.44183263392021943E-2 ,-0.10432572548505064E-1 ,-0.72895144099658542E-2 ,
-0.12419350793085795E-2 ,-0.35851254784529129E-2 ,0.99466031087802761E-3 ,
-0.69084145699182401E-2 ,0.84418918937016110E-2 ,0.57676742171663044E-2 ,
-0.29293216463649112E-2 ,-0.31042338633700062E-2 ,-0.51512808096144279E-2 ,
0.39038737677989620E-2 ,0.32440948293881813E-2 ,0.52017975965620526E-2 ,
-0.54832404723278924E-2 ,-0.49552107136960743E-2 ,0.86272387342407192E-2 ,
0.25083548076808896E-2 ,0.41153695682001066E-2 ,0.33434174883256633E-2 ,
-0.27093070942953994E-2 ,0.96695467198430248E-2 ,0.23606343060551325E-2 ,
0.53314547264170708E-2 ,-0.27793845623297134E-2 ,0.25466800324870022E-2 ,
-0.91573319885936560E-2 ,-0.82495228519129590E-2 ,-0.76938498075476496E-3 ,
-0.50368221875320340E-2 ,0.15423626215505951E-2 ,0.28728100296014285E-2 ,
-0.63060835530990974E-2 ,0.69031966332289887E-2 ,0.49547539494308908E-2 ,
0.39411369986585070E-2 ,-0.81051874517698973E-2 ,0.80834090798801890E-2 ,
0.42052969746883846E-2 ,-0.82242325617738971E-3 ,0.32404202745372236E-2 ,
0.23127164313685973E-2 ,-0.52659593487690141E-3 ,-0.27181557572338011E-3 ,
-0.19497850469661639E-2 ,-0.63940739606362200E-2 ,-0.86885829628337435E-2 ,
0.90658155846589251E-2 ,0.55093298872885286E-2 ,0.90110780418771116E-2 ,
-0.16080357480702002E-2 ,0.67971918164476701E-2 ,-0.26587736278117411E-2 ,
0.90994102807302017E-2 ,-0.21969793832222802E-2 ,-0.83073118536214751E-2 ,
0.70726935946507658E-2 ,0.33256295552185748E-2 ,0.95013833291430413E-2 ,
-0.89276552827372378E-2 ,0.20291972596721925E-2 ,0.62857776810861235E-2 ,
0.59732646219647001E-2 ,-0.87991986902478236E-2 ,-0.64998020771649028E-2 ,
0.65961968935386822E-3 ,0.51927347236340364E-2 ,-0.75391451970173353E-2 ,
-0.96361238515152940E-2 ,-0.61687033566287597E-2 ,-0.17962700760624597E-2 ,
0.66390897536267104E-2 ,-0.33736409835624943E-2 ,0.92013666844917106E-2 ,
-0.61874088451218901E-2 ,0.60732759331181055E-3 ,-0.88176711056248969E-2 ,
-0.29725287254536855E-3 ,0.69428628686655028E-3 ,0.48217116003066915E-3 ,
-0.77219070095274032E-2 ,-0.43833975980712477E-2 ,-0.68009037366232985E-2 ,
0.66942999279756606E-2 ,-0.70781089090475582E-2 ,0.81145600391747483E-2 ,
0.86982875935229988E-2 ,-0.79444654052028586E-2 ,0.31926010878419991E-2 ,
0.31103811395386902E-2 ,0.91002155554601469E-3 ,-0.46296332586728819E-2 ,
-0.88983955287938610E-2 ,0.10443056408324514E-1 ,0.97118937539552950E-2 ,
-0.17883069976604949E-2 ,-0.10375269279696744E-1 ,0.33708518290962589E-2 ,
-0.44508075491314280E-2 ,0.35100547914817285E-2 ,0.76104363792645858E-2 ,
-0.29581672077449057E-2 ,-0.69469443261115256E-3 ,-0.17116935809779381E-2 ,
0.88939609029718546E-2 ,-0.24413080867040017E-2 ,0.81721835583723756E-2 ,
-0.68460521054931603E-2 ,0.28421315791607045E-2 ,-0.37918987642013482E-2 ,
0.89914455011304434E-2 ,0.18001522661514097E-2 ,0.68296942744084281E-2 ,
-0.72409511458501469E-2 ,-0.56697047828501985E-3 ,-0.92610177936349024E-2 ,
-0.85587274217678484E-2 ,-0.34632074040072385E-2 ,0.77379685928273120E-2 ,
-0.56312728229849819E-2 ,0.93048093704079984E-2 ,-0.10568225377233093E-1 ,
0.10406612029686280E-1 ,0.61418683595971290E-2 ,-0.71426529453566040E-2 ,
-0.37373797368211257E-2 ,0.89541487674791708E-3 ,-0.16195938337181749E-2 ,
-0.45039578457953897E-2 ,-0.90031335860064996E-3 ,0.45835268143238159E-2 ,
0.10419491960077246E-1 ,0.49502545221392618E-2 ,0.76641918302400639E-3 ,
0.14152746602541764E-2 ,0.82654538856355136E-2 ,-0.65916145557665057E-2 ,
0.11216925431231251E-1 ,0.88331564746960810E-2 ,0.57345566837225118E-2 ,
0.35535050237471056E-2 ,-0.24290160367860594E-2 ,0.60102233822454526E-2 ,
0.64607822435275930E-2 ,-0.93097942861788633E-2 ,-0.41348872750220853E-2 ,
0.92259085935963662E-2 ,0.78506783041175474E-3 ,-0.29973490375189943E-2 ,
-0.43379363084279782E-2 ,0.48209342937776382E-3 ,0.84909611024650087E-3 ,
-0.78252419206014008E-2 ,-0.10179130081145500E-1 ,-0.94991803098745300E-2 ,
0.45549221963593301E-2 ,0.86301029634151521E-2 ,-0.43990172632315900E-2 ,
-0.56347879631458275E-2 ,0.48396391555466352E-2 ,-0.52225390667602943E-2 ,
0.10435172802509097E-1 ,-0.83419509340185369E-2 ,-0.63242620857407636E-3 ,
-0.76461328005247137E-3 ,0.92461604104418938E-2 ,0.46036153271548251E-2 ,
-0.45595346477217084E-2 ,0.92161083084899269E-2 ,-0.72432050446888403E-2 ,
-0.33064690069516994E-2 ,0.24141877025382983E-2 ,-0.81194961195348390E-2 ,
0.60025367748861493E-2 ,0.46778972033976862E-2 ,0.26341824313344964E-2 ,
0.59484401855578089E-2 ,0.43844963263778422E-2 ,0.52107173169092602E-2 ,
0.76120092949230360E-2 ,-0.61669594825171136E-2 ,-0.67758069895824226E-2 ,
0.49038916485442717E-2 ,-0.10881023925235912E-2 ,0.12834687430846427E-2 ,
0.35851111854973867E-2 ,-0.63377219465431322E-2 ,-0.41587805345715797E-2 ,
0.42232075019946200E-2 ,0.21010553995928754E-2 ,-0.31731524023776670E-2 ,
0.97384363263724721E-2 ,0.21719602396942685E-2 ,0.78116341493038432E-2 ,
