! Configs
modo vi
nome  Sorteio_20240531_001
integrador  verlet                                                                                              
timestep  0.10000000000000000E-2
passos  5
t0  0.0000000000000000
tf  10.000000000000000
corretor  F
colisoes  F

! Valores do problema
N  600
G  1.0000000000000000

! Massas
9731.8601170274324
1053.3990630200253
5747.9993070731443
5312.7686698402649
3417.5298259386941
1519.3275992080778
9483.8811965388250
4697.7254741326751
8386.5020206570116
3680.0441172305714
4058.2293742011889
7233.0888152298367
6499.8395142681511
4622.1273703611532
7944.5129849033710
7840.4624923143465
7401.7642004566060
3219.5805662743401
9081.8152672078868
3782.1590356083098
9325.0117663141373
4153.5220936586711
6915.2437437107492
8245.7718404665793
7909.7938036913356
5807.9053129877902
4927.4767467009879
8257.3886313752519
3818.9478805635677
6453.8441032620613
7776.2288658534444
8769.8944183246276
4176.2024083163433
1872.3850023902639
8638.9613407057295
1778.7256394180395
5420.1871720117178
8568.9806649226375
8356.5927061635757
9720.4872100938082
1050.1088555197009
2225.8513329642819
6838.5338681428493
5744.3588363302115
4256.0245733625070
5136.1429312414439
7927.8696303154984
9393.5823548843218
2023.9445007511472
9300.3906998678976
7406.3077725812436
8037.5287915285580
6937.7615904700851
9385.0521622388860
2362.1498303366225
1318.5704833695470
6963.3915161735540
1982.8751743187931
9211.4312075668404
2912.0227273000082
4708.8910844643560
2810.2001471831650
4270.2820790504738
5501.1323072505456
8635.6676540854824
2551.3326625411041
4082.4344864011455
5949.6835760701488
3334.3517123877818
7693.2347584077525
2490.2579950852105
9600.1031981338183
9276.8262303763404
7260.9269469254359
2709.8251504333812
7265.9274425836056
4708.3959009020855
5405.5756064430761
8111.1833670852320
9390.7245112115415
6506.7530341195961
2632.9735399023875
2149.3050682611538
9673.7837350375194
9305.5490536390480
6010.1056246885173
9194.2877954875148
4650.5883995051499
7097.5379038951078
5041.4004708159046
8397.6283821853194
9447.7394910442017
1073.8851001147239
3849.6241596111940
5974.7188051023559
3300.2753097259551
3593.7897487973055
4507.0298932374508
1660.3434898259181
4001.9278416401530
3371.6525472217813
8594.0306500949955
2486.2150918175275
7026.0090627010995
2602.6062826793896
9184.6186181809098
3374.8791762865726
5206.7834401090940
6789.0764452954700
6913.7331881129267
3545.7879667900615
7992.6619569223349
3143.6375364546257
4483.3079495624334
8587.7625951820246
5215.5317030232309
9147.9206414520631
5119.2905199666320
6059.9542317869209
6705.6074765552667
2740.7485165045000
6373.8150133743475
1508.2341442317575
1378.2497239441104
8637.4565222955789
8234.5916823106636
1547.2813136191207
8956.4710911596885
8868.7989089996954
2050.6970259596733
8030.7305617759621
5660.3903685134146
8093.2696469859911
1298.0759177467487
9174.4406721232554
3182.0150301999743
1562.2464297539984
1338.4191561156649
6334.9976152099689
4243.6226932483532
7007.1947685836094
2550.9277005497643
6017.7263267421249
5063.7455424325708
1954.8084427472618
5759.7208152229041
9981.2742113774075
5854.6273533440381
7485.0336240393626
7830.8857532056300
8196.5421893675775
1363.2691505632349
9628.3881847690664
5834.8391988943486
4678.8396368377107
4413.6113274564914
5704.0318133915089
6336.5393966311149
6712.4120159181384
9929.5630045771122
1581.2055599904579
2302.1379412324445
4948.4949385871259
1140.4211194598233
2610.0402810571613
4863.3014288185368
5320.9126289848491
3089.1456585513938
3503.4572494255040
9933.8066554336656
9595.1297385402850
9689.0720486631526
8696.0473770314311
9921.5541906590479
5495.1635134610069
4888.0737042945402
1640.0709266440381
8028.4778690920093
1968.9599490725009
1166.0250685414244
7399.4283901731005
4569.8071498132631
9911.1845915486429
7322.5937895194966
1302.3030870885543
4573.3687146759421
3952.5452500688480
4834.7071321322874
9409.9481014263965
2014.0600950085357
9230.3446553919821
3969.2431794316722
3874.4514140653487
7475.1546386333057
7234.1273260990301
5398.0258778909465
8381.1822522031835
5703.0815847172289
4451.6968562566635
7138.1449141475205
9837.2783623386749
6706.1490860503136
5826.9442203627723
8063.7495614311674
1333.1645883048036
6890.5927881439047
5074.9668762939627
9965.1801951139951
8862.7603789956775
6936.3099415419647
9292.8361855368403
3682.7239879100530
2642.0263367138982
4701.1209588367801
6527.4171874093090
5873.7396348260772
7141.2237566938948
9754.0466825528456
1945.3559424676403
3354.2639844389796
2463.5923806957317
1707.1146279844938
8392.4724446777436
3931.8605009055623
3881.3652462374876
6267.5732400365014
3681.3703283586278
9331.7942922939710
2969.8056260988642
2519.7384084509508
1077.1906354370583
3869.7641178932618
7313.2262946269475
7798.2865760633231
7209.2707277243990
7427.8179127306448
9900.7192381946606
8573.1946039573922
8586.6104688511296
2539.3840076570959
8274.4324012748257
8216.0809336568782
4193.5235280935622
9768.4589761000079
7724.2236694533904
4524.3540356271187
3077.7339701827773
5026.7316410407275
1152.1627200294956
6609.5178406480145
3263.7681410734663
2305.3632958708258
3832.0716538072634
8160.2936580500909
9081.7357551416717
8153.0272317645467
9420.1400342414872
3714.5645401965594
4943.8995503550932
7143.3451308888434
6571.8852975354102
9273.7042964722914
2922.2673143757465
3981.8587412117340
5603.1610201322919
7516.4869472636674
4727.1844208659477
6292.9106319982302
3493.1213289949865
4949.1072371218961
7188.8354386316860
4774.6151570908614
8351.0990583628336
9557.4528806029994
3871.8207072275222
6205.3177048018488
7291.9664924441840
3624.9211639802675
9206.6600626537092
1448.7119581982165
8855.4149988773552
8826.4305399034984
6682.2774603610533
2518.8414553310517
4645.2987373265432
9771.0915509205934
7930.0627139168255
3402.2924494406320
5425.3083803035497
9650.3383785281403
3424.3026415782324
9546.5759383153327
8072.9555476970208
1143.6544338623080
7687.0199234786833
2177.0201662047921
2817.1700219504014
2275.1925290237564
8927.5625620214632
5225.2908707746828
3695.9284726819078
4945.3139043553665
5952.6392918381434
9132.7595819184789
6345.4400935887998
7051.9253744411290
6189.4676498400722
7636.0600370588036
8003.7291420065922
2509.0457888642304
6306.4449015786213
2979.8315154699412
9261.5657861698182
4504.9655401196214
4564.1185797329817
4020.0730727117875
1343.2142290106910
1064.6367321551820
2531.5017061390254
5966.6287926337927
2299.9743269967512
5079.5863016220574
3087.5770380292447
6683.1657299467743
8027.3968763344546
5825.4850285319990
3248.3401482535151
2576.0511058973088
4189.6848815161084
2974.9041857525053
9998.7103674455793
3639.6780677443890
9480.6395172749944
9653.6220930261825
7671.5775151930866
1622.0098015027145
9617.0105352507344
5783.8295493078376
4554.0561996805463
8329.2795556478977
7676.2394991100382
4057.4618465689459
7854.9939276866044
3254.1027913024136
8510.4515208148659
5095.4704779956883
2567.4101491080141
9597.3909274601210
6078.5030319473854
9666.1601320587033
3255.6934016779896
9411.1387293430616
5308.2788975768617
8311.9582963605208
3761.8225290510145
3937.4542310777770
1150.5696476749404
1270.4845191195475
5755.9669295202184
6278.2780849148212
8493.2868590949838
9470.2256459461805
4401.0769428242347
5771.5388227646554
3382.3005425713600
5897.0368398859446
7821.5741863083840
4484.2261840813662
9519.4433722188369
5463.2212686035664
1813.2666521905312
4054.6476712182957
9648.8327728737859
1738.7779861584752
3641.0326225090198
2755.3148087990803
5443.7979828814232
9358.9747960331879
9542.5677272224311
6781.9240823232030
6804.8234584477659
8792.8140514790539
9189.6825988145501
9888.0895868024982
9375.5690104106816
4532.9834850321677
3801.4649110094047
7141.8068809561228
3118.1941592098715
8485.2937007939327
7907.9808130728452
1832.7481000685898
3267.1170553502466
3889.8525486518351
9064.6008795705493
5397.8546257425114
2816.0147051935346
1441.9157187533274
4049.6155589341693
3065.9737156876890
6082.4011053658587
2314.6909573494322
3169.6519081423953
2354.3749456212936
6910.3443764701569
5550.6713872853443
4434.8951917981058
6302.3553733135595
7908.2081564010869
3193.8425702758987
8347.4488324054473
6766.1424426802196
2226.9608600350261
9214.6063564735705
4725.6069935113937
4483.3611325318789
8874.7136416130888
2011.8201504011095
6520.3164610263966
2771.7221095106406
3127.4720852929322
8275.8049013396449
1685.0809045209271
4819.5360402381939
3422.1174074381361
9391.3275440963753
7752.6039020210401
2227.7106382513466
1261.7886258983308
2404.9794926623372
3975.0468029145509
5519.3469743887381
9435.3535089341476
3264.7017673943960
2562.1871769505774
2317.1826715217749
6053.7856483098640
7282.9053078923062
3177.2533854733219
1160.4618878204290
8627.8655848414528
6525.2153669345398
5515.0441707900964
9817.4911493854815
7547.3458925260475
4892.9383669203562
1747.5716115425794
1735.1299319236527
6176.2016850817008
2156.5938760760482
8606.3065659257700
8723.0823406400596
5746.0089924613794
1759.9003608614109
8233.4213580871274
5760.5167536536228
8999.1607051181672
3500.3750505976336
5136.4953371713718
7731.1633917701265
2594.4179448151335
5366.5896196619078
8970.6706149333877
1263.4251563155990
7629.5749350801289
4037.5375814603153
8198.2977230982742
5161.0518426229610
8595.0565979122912
7873.8223366217362
4258.7382010065958
4409.1523067931857
6545.1202961739282
8861.4198789438979
1549.0213366377434
9599.2350936096118
1466.3087548679778
1008.1477722214688
5150.4490083976152
9952.0040211516516
4133.8524095955117
5858.3523899374850
4983.7582906670668
9924.3278305737749
9293.3582296806544
3533.1540111929080
5594.4028710505518
8112.9378257601247
2429.8109217124629
5097.9478249428339
4295.3440571639148
6486.8300748619549
4628.4112065045138
4724.5168107974159
9853.9284824761471
3351.5579961591193
1690.1703329778686
4910.4840446904564
1975.9702783368646
3698.4731593384258
1607.1085751817159
1993.5108229334651
5493.4805853744838
1002.6684258503747
8993.5027209323798
1017.9988342000880
6028.8160543172980
9484.8330702560306
5484.4184402551837
2815.1367407443813
7579.4362272195012
5611.4730786641958
9461.0485182187167
8164.7915723848555
4809.1646744659902
6822.0405108828336
9979.8890579649596
6984.4308177921412
9717.9892122764086
1961.2180944464226
3522.6475945827956
2954.3482513792915
5673.2479939038594
3828.7194896421752
8974.6646269706271
4143.0571512943734
2149.6406389134481
3882.8598885252131
6015.4676069888101
1233.7807624666518
4627.8371711058999
7504.8800777210781
1488.7316510412943
1348.1658999804326
4626.9517282744764
1257.4771753266095
6930.2358378749714
5537.0025649408772
9204.5844270141934
8274.1079680315634
9548.0979344932421
1938.1589578512376
9583.6358943028481
8897.2959542888020
7102.8606358326415
9380.4524061743468
1079.1637726360227
3998.6350694254593
5185.2803055157246
8203.8116564348111
4086.5613871027599
8653.3465487382127
7326.8220271712753
6006.5063819800971
9050.2590210467533
3963.3617474164794
8701.3364857303459
2025.3764614388963
9974.9189032807863
7630.5025554975882
7373.6161443287328
8900.9859112767517
4389.4652016137352
2543.3274154532701
9009.3526468311211
6130.2994542981151
3617.9538673835505
6056.9220086807718
5484.0880270071730
9656.7227371512035
1553.5728894503818
2271.3320141178956
1569.9216417945552
3895.1663645666331
2348.6513655594144
7473.4049716735981
9023.8450659066402
2780.6649703209659
2622.6249566359752
7506.9764869928886
2403.1653105906789
8055.6586949905868
9942.4906320338723
9819.6055430467895
8432.3297909776102
3233.4430906667399
1976.8374152719846
1936.9056358580965
6330.4043603336813
3808.8810391633556
4541.1383707748955
1538.9374164812070
1827.9897309711516
4491.4666732758869
5379.8222276533343
5037.1389321463384
1201.4534668992474
4353.0334167998080
6056.6938366681907
7618.5886799633636

! Posicoes
2607.6898419904524 ,3814.8005494130762 ,-12990.251451341330 ,
4167.7205717981624 ,-14760.738617002531 ,-14132.787073679496 ,
8322.8945911160645 ,10173.353039483385 ,-13401.816815775588 ,
248.77816113179017 ,5945.7024285058815 ,-1431.3011702308800 ,
-7511.8367396972735 ,7018.1321854625257 ,6402.0518740890020 ,
12449.015116661396 ,-2410.0950183401778 ,-5676.7354906439814 ,
-5878.2648347839395 ,7722.9358680263595 ,12599.606283082207 ,
-1820.5245336101866 ,-12833.323836646903 ,11661.739140318432 ,
7231.0197609315283 ,5537.1979962647838 ,-9733.2291681832776 ,
5450.8088604590293 ,6798.9144863527272 ,13822.374070678869 ,
-2006.8936348329930 ,-9454.1163814096235 ,-10915.895893941166 ,
-8851.3828505757465 ,-5084.7671406813079 ,8904.2157588300088 ,
13396.935680233486 ,-9845.2166870321616 ,1481.8867228348695 ,
10021.911524444071 ,-11206.897055769443 ,-4912.1223914261100 ,
-3464.8291428098942 ,-8456.3403069155520 ,-6826.7640668321419 ,
13226.208928286842 ,1907.8185777028216 ,9484.1995686818755 ,
-10223.459992234115 ,4102.0450099625905 ,-2221.8395065113732 ,
1916.9073132022299 ,-2236.3944891213118 ,6062.7434804975837 ,
9197.6536067541729 ,12637.557796406405 ,7856.1720112508428 ,
-14094.231703811716 ,6535.7925069718021 ,10332.561392935922 ,
5066.7417062362829 ,-10347.187600323017 ,-15083.594805018909 ,
-4514.4109981311894 ,-8873.4550461456911 ,-15112.574046403661 ,
12970.711126358094 ,-3889.9320004719043 ,2325.4397277201620 ,
-133.47322256564564 ,-946.25991307831430 ,418.49951471268787 ,
-9147.3039440988468 ,8659.2123803584309 ,775.29075106378104 ,
1652.8222141531865 ,-248.34422114918888 ,6517.6225131067895 ,
12168.198830680196 ,-8874.0216273825008 ,5387.1158864007903 ,
-1037.6827106627074 ,-7746.9246671263272 ,6850.0999546520670 ,
5210.9501537058304 ,233.76153174909851 ,-4317.4477500191988 ,
9837.5178987686359 ,-5748.2665840526824 ,14207.071281675386 ,
-4441.0207196089405 ,-12168.106891624406 ,-71.373403644313385 ,
-14185.519392313245 ,7488.3915230405528 ,-2727.2787473148642 ,
1565.3596467520752 ,10182.180174853051 ,3599.7416633065309 ,
7296.0373812193166 ,1925.1074036236082 ,1221.9221456739883 ,
-9125.3668482303783 ,-9542.6874539433229 ,8522.3935292770893 ,
13087.069490291944 ,-1520.8948009916289 ,-14354.631002962491 ,
4044.4009821757450 ,10563.715601349812 ,1113.0920549388770 ,
-9392.7962465845139 ,5595.8797519829586 ,5579.7253169332816 ,
9928.9253886823626 ,-5717.1602410051455 ,-6174.3553878291004 ,
-1961.7586311990176 ,13353.546515054792 ,-7556.9991159681995 ,
5.5447142001836482 ,-6514.2678377395878 ,-10887.798425957653 ,
-863.75602506838857 ,5677.8534272204761 ,7871.2193366147967 ,
-6956.8308800826826 ,-6850.9715268200962 ,2824.8467058174733 ,
8869.9003504274606 ,-3724.5140077143510 ,-1065.0330737761674 ,
2444.6540808847044 ,-8685.8105862714456 ,11980.407121095248 ,
6705.7145944062349 ,-6264.8770694872728 ,5200.0825531242463 ,
2306.2948240217761 ,4054.0532107701642 ,-5003.1179020433938 ,
11897.107411792937 ,1763.9182542524272 ,2662.9214950122528 ,
14235.776572888606 ,-11973.367950310891 ,110.80277914437602 ,
10875.839434108044 ,11179.538887883593 ,-4430.9287636167464 ,
-7534.0841341905298 ,-347.21161847039696 ,-5897.0270174923135 ,
-14668.055337979458 ,7402.2578800578794 ,14077.338203060763 ,
-14348.276118321090 ,6650.6516391512614 ,12808.220241847981 ,
-12895.132577060851 ,-19.960847221190846 ,-7170.0355322956239 ,
-8795.0781824604437 ,5971.7963212437335 ,6655.8079206268867 ,
-7342.5636907532335 ,5869.4551790913738 ,9943.8407457492631 ,
-7873.3553340063863 ,2641.3097596126559 ,-4712.6398401650931 ,
-7253.5417236559715 ,929.79591146275959 ,-5956.7392903958735 ,
-11673.757971251964 ,-2547.4849811936288 ,-9436.7322808925164 ,
12948.724802693609 ,4079.0281361595976 ,9804.8278091469019 ,
-2354.5692727287237 ,-2.9172330045563228 ,12225.652330164887 ,
7449.2005058134191 ,-2876.0320445733719 ,6414.1955308950946 ,
6408.3796422428522 ,-5499.8505378494447 ,-6321.1010623923703 ,
-12285.254450907991 ,-12156.460716278665 ,-10414.150208423604 ,
-7725.1916054943495 ,-7569.7996894335483 ,13494.579549943906 ,
7951.0111801576777 ,-14347.956340014631 ,5172.4878090554248 ,
4724.1590990640898 ,8448.0970071746833 ,9202.4535863905203 ,
-6300.8705266493480 ,1740.7611262970299 ,-4250.3891478050664 ,
-6655.9078545709644 ,1199.8365068495827 ,9246.2358180271058 ,
-1208.5310272003367 ,13775.506209450979 ,982.40825183216793 ,
-5009.5043425220929 ,-2967.3173957410813 ,9899.6634568298014 ,
4707.9838620582805 ,2813.9256279183887 ,8745.8361678929014 ,
-4155.1366576547434 ,-627.28785137001762 ,-14769.009542748552 ,
-9371.1697600638508 ,-10315.209701923646 ,14772.131617069421 ,
-2240.8752613039755 ,7528.3350850553998 ,8452.8823680975347 ,
-11646.156973476860 ,13685.466827968166 ,-8966.6213697131207 ,
-311.69213059538504 ,13972.305909488166 ,10150.183342721912 ,
-10917.416026891069 ,4860.4596152270005 ,-6210.0484657490342 ,
-7435.2368746340189 ,-12840.813739605366 ,11400.432005368652 ,
-12809.348042185658 ,12276.898590040046 ,1429.5136860509679 ,
5654.6960901499142 ,-13844.514754396099 ,12950.112253457895 ,
-13377.818130529455 ,-7047.2713360712041 ,-11599.757653871553 ,
-4320.7184917017994 ,-3335.2956532309140 ,2967.8069335850464 ,
-421.71001526349335 ,14198.621177091683 ,8003.9337916869827 ,
-13512.732092512635 ,-13797.327502745778 ,2612.2644832038072 ,
1359.7198308566208 ,12046.263309292279 ,12408.758130925804 ,
9351.1784188525107 ,6011.6474278500373 ,8550.6586101336161 ,
-10995.186801935992 ,163.42006172849361 ,-9714.4665133856361 ,
8700.1302987543622 ,-4382.1033562893426 ,2395.4801282109088 ,
-14534.300202245133 ,13548.330870237480 ,2430.3863196809193 ,
10578.736966281916 ,-1495.9224155883653 ,-12417.788034524721 ,
-12850.300727547310 ,13225.229272240000 ,632.23136477836078 ,
14190.582901257016 ,-8939.6038207609945 ,5096.7473319890141 ,
-6066.2856954985227 ,5483.9363690772207 ,-3914.3856704597024 ,
-2623.6287870044939 ,6388.4923932230759 ,1410.4844551154360 ,
6114.3513224871231 ,-7021.2371390428989 ,-5700.1717968246121 ,
4055.0151333942617 ,227.27587672329210 ,-1460.9452175755891 ,
-13868.425507078624 ,-4739.7666461526569 ,-1183.6246213546024 ,
3597.7333120566532 ,14062.330569143554 ,12582.261885809954 ,
8605.2979758175079 ,13566.929567199999 ,-1465.2105282380712 ,
-11107.121472280209 ,-2455.1032223238576 ,3208.4767422717573 ,
10348.277412781577 ,4137.2017256697382 ,-5539.9712824950875 ,
-339.29510172428616 ,-14143.436103647073 ,53.572465438640847 ,
-4807.1026052077514 ,-3183.2748698603968 ,-10196.647048720666 ,
5250.9686652816990 ,13561.397060930738 ,5959.9683314705562 ,
2490.1135583197233 ,-9024.8919223502617 ,-1029.1138910439736 ,
-12783.878106012004 ,2105.0036153610658 ,-10079.445194556021 ,
1856.4764159718238 ,14676.560252727506 ,1056.3842455451354 ,
-8683.2542964571203 ,7007.1569374841838 ,-4610.2640727731723 ,
5595.1661365191349 ,-12347.381853670373 ,3840.3990604334263 ,
10776.175310741199 ,-13832.980697346697 ,-13158.595876100710 ,
-9752.6247408901836 ,1285.0815599253169 ,-6062.2776143340616 ,
-11382.014988509838 ,1495.2129472652218 ,9739.5367615897285 ,
10191.713987175217 ,-9858.1156401354474 ,-9431.8034675891122 ,
13799.283234910336 ,9486.8122390803055 ,-9327.3757880267822 ,
960.65543801058323 ,-14138.197760191144 ,-3903.4636472822008 ,
-4129.2490449476254 ,-7507.7949743763302 ,6536.0793183923579 ,
-4915.2090350427688 ,12316.276179674524 ,4554.7908490961290 ,
-5651.7332043394463 ,6423.6400674569577 ,-2788.8732698367917 ,
3805.0284298189858 ,-12086.174834472931 ,-6338.1235916679325 ,
-8796.5848606525269 ,-12451.871190636708 ,-4824.7946526239484 ,
-3893.4031827953054 ,-6682.4478016878238 ,10233.413661993285 ,
791.03009225469270 ,-11653.667696834606 ,-8621.0913918088609 ,
-2544.0310705354982 ,-6248.1372245864386 ,-2245.6920731819505 ,
-6824.0965787667219 ,-7623.0480679513357 ,8660.9766858843886 ,
-1383.6618598059299 ,-11446.569691014518 ,9197.8453577976816 ,
-12467.194307774533 ,11916.674394753873 ,7505.1615788826803 ,
11419.701780060515 ,-2714.2190760471144 ,1694.7545920791904 ,
-12950.940436737199 ,4929.1734249307501 ,-6786.8351796159859 ,
-110.82816815343665 ,-8600.1069232656500 ,-7408.7957223854846 ,
-14417.871701774095 ,13591.938836836480 ,-5184.1676846567425 ,
4653.7232130864204 ,14069.159316487539 ,-14976.573515796503 ,
4673.9911862769977 ,-9658.7821168809551 ,-11238.095671890273 ,
-15197.286346934214 ,-3431.7310716877705 ,6770.9747981293604 ,
-10404.374511914253 ,-8082.7843869983371 ,-3740.6522302582021 ,
6121.2793863502366 ,4440.9149323385482 ,1466.2674097156464 ,
-4140.7742957015043 ,-8288.3829381559863 ,1889.2674499219734 ,
-1013.2740462847136 ,13356.051144397332 ,-8387.6904293416137 ,
11081.007426668542 ,-13205.711704185211 ,7345.5772390767979 ,
3789.1622166685142 ,8893.4192396908420 ,-4624.6855699330008 ,
-10889.208977837772 ,-3100.4863704501781 ,302.88903004965823 ,
6223.5243020323787 ,-7463.2511171121341 ,9592.8731558483760 ,
3828.0714433589296 ,-2329.4643925689411 ,13078.504097960145 ,
9255.1340726854160 ,-4338.9978069895333 ,-12155.990138647883 ,
-13139.651544882787 ,-6046.9796680377185 ,-7796.5221545771419 ,
-4066.5931643448707 ,2907.3825631856912 ,10634.405775022851 ,
-4915.3518825231558 ,10911.269727976434 ,-14961.842159858521 ,
-2887.5784134537985 ,3090.1560559151244 ,-14479.175730846906 ,
-775.45961303453385 ,10137.815013094269 ,-7096.9888329838232 ,
2451.3665529413979 ,-447.56425775974242 ,10497.620775010715 ,
10962.539164112344 ,-6825.5980371768273 ,-8111.3785624695101 ,
13477.902920719780 ,-10412.268237972014 ,3940.9544099233221 ,
-7322.4544606746085 ,-12222.671608836841 ,-3259.5903856758418 ,
4082.7159681027611 ,601.61524816442250 ,-7563.6609430929384 ,
5433.4282112899591 ,-7463.2479766024680 ,6974.7860374988577 ,
-102.40567728922667 ,7921.0078676470530 ,6579.2917462742098 ,
-249.21954794884675 ,-12271.743689317766 ,9272.0993644354949 ,
3495.6815354666055 ,12471.086995758758 ,1545.9868779989679 ,
-6586.0065424978684 ,-13094.398627104611 ,2440.1186565435105 ,
-2299.7091250974240 ,-7576.3790852265201 ,-2042.4964764642777 ,
13543.024878282713 ,-6778.1990772002318 ,10631.895275129127 ,
2737.3103182869113 ,14728.489924869749 ,-2012.7644309632656 ,
6296.7598195116070 ,-6790.2286565996401 ,11820.313347509882 ,
-11056.811595534100 ,-13653.434195818190 ,1689.0649673685671 ,
-11260.651631954124 ,-3442.6375651787416 ,-4877.1166347183444 ,
11598.651785188218 ,1052.7826283843083 ,-12382.654720203462 ,
-7924.5425206099699 ,7369.7164942481850 ,5016.1979078587228 ,
-11303.443941236550 ,2151.0870903379750 ,7948.4407637886488 ,
-4595.2370582359135 ,5797.0682551027476 ,1408.3719382295944 ,
6301.4855001275018 ,1360.5511379417062 ,-9893.0683145189469 ,
-2581.7341025791716 ,-11560.127249210016 ,11709.059395891438 ,
4047.5046369805555 ,1156.9927820003927 ,3702.5739606692418 ,
3965.2926922676511 ,-13124.889254728705 ,13575.667183448064 ,
9101.5675106568833 ,-5932.3397372663494 ,-6290.5355851263557 ,
-1797.3283460912003 ,-2365.3480551692151 ,-14023.847330275143 ,
-10124.002867386209 ,-11608.829464597340 ,10870.626845822646 ,
10589.350132753740 ,-2117.3839004279612 ,9120.5057880697696 ,
2014.5247198320526 ,14770.778115846226 ,-7997.0940081880290 ,
12384.601779556577 ,-3467.5008266661785 ,-2351.1733200316762 ,
2168.4741010682651 ,-10481.399307870837 ,4442.1731043163982 ,
5360.5699716750523 ,-10281.362429357074 ,4898.6807713914950 ,
-3793.0966535713064 ,2512.6616641176684 ,925.12526450076030 ,
8790.5251576144237 ,-413.85404077127862 ,-6980.6051062627703 ,
-14515.983258307821 ,6549.1185219685412 ,10217.539684722940 ,
8476.1365369743926 ,4932.3050607084351 ,10469.046829213899 ,
2365.1928944978195 ,3294.5860111957722 ,-713.40737003813456 ,
-5936.5230785877020 ,-7205.5644195472596 ,4605.8037452569279 ,
1199.9640898453677 ,3915.4338865326704 ,-3441.6595372899924 ,
10993.716025212363 ,5235.0507087667993 ,-8314.5132291675855 ,
5150.2970227423675 ,10141.092048338176 ,1778.2016933337450 ,
10150.734600064117 ,13723.774948847307 ,-2219.5756335485644 ,
-12313.021331948443 ,-6306.7991037931824 ,10210.208256137585 ,
8619.2639645185391 ,8747.2495249925614 ,-7632.8079000633988 ,
-7568.3887634138600 ,13657.604886417112 ,-14713.369067243557 ,
9514.2437346541028 ,10723.152565317532 ,7874.5307866187522 ,
1570.9786830471335 ,-10272.993818186083 ,-12026.673851966973 ,
-13036.724097238213 ,258.85350832931942 ,-13559.821870261238 ,
-14318.398943969307 ,13468.898883010303 ,-13140.875274002021 ,
3964.0037924079393 ,4420.5603628959016 ,5435.5758244747467 ,
3157.0062829142757 ,8581.4531060732279 ,-14026.036136236042 ,
-1160.3272262538899 ,11135.669657066281 ,281.46008544139613 ,
-4935.4291141971817 ,-6990.1796017779807 ,6753.0637961911652 ,
7070.3350691370206 ,11500.929541753789 ,2550.2268442628388 ,
12662.186792090450 ,11921.489770965260 ,-1543.5789209942836 ,
-12868.906924260302 ,2985.7533800269725 ,-11119.293545239199 ,
-7458.6771272153974 ,-11578.441857156569 ,-3437.9013939995443 ,
-6470.3616782221134 ,-2812.0352429343707 ,4075.6803952298774 ,
-13825.355086547825 ,7203.1984610553936 ,-3751.2494368240755 ,
4139.7456360169735 ,10062.553262528598 ,3401.2381946511573 ,
5486.4143510833701 ,-1850.3048914644000 ,-2530.1989748564251 ,
1343.6534984911982 ,7628.4121860926516 ,14543.036465458523 ,
-8208.7112694279567 ,12785.811440240506 ,6597.6619763797262 ,
8991.7024377064718 ,10662.672275748499 ,-1949.4321802522759 ,
-2930.6663360123598 ,-4772.1793544287320 ,6694.2550198057488 ,
2898.7962102420738 ,-12684.418826735528 ,-9718.8698425713956 ,
7444.7981115419234 ,9274.2737560264632 ,1630.2882773713550 ,
10784.219284994631 ,-4123.4535718105762 ,7564.5016841445486 ,
-1412.7571371316567 ,-2050.6671018498268 ,11402.333427428193 ,
1999.1386400827382 ,-8377.0836780175468 ,-3831.1404694194521 ,
4763.4122139069723 ,14422.612080113982 ,-7485.5311397356018 ,
-3864.9741286125241 ,-7483.3868509268605 ,-6784.1823764794844 ,
657.78442924364083 ,12128.741030454445 ,-3783.5584851035351 ,
-6003.8704969976961 ,11827.619836688687 ,-1982.7591642213542 ,
-2881.3207984932355 ,-8775.4062850395585 ,7340.7044645909573 ,
9408.4357868273346 ,-12551.386435565697 ,10397.944442934540 ,
-6354.0084384609427 ,4580.7940775344923 ,-9311.8831715607976 ,
-3493.6540660893766 ,12057.909285762920 ,13929.123130320788 ,
9064.0147469649946 ,7147.2967521210212 ,-14296.685549487504 ,
-11632.837134205036 ,-3224.3114277485797 ,-10267.648537203566 ,
-1015.3207068602600 ,-8983.1526299905145 ,-11957.813201952986 ,
-8661.8299640562891 ,-7088.2852104727381 ,1646.8809138219744 ,
2633.6405064091618 ,70.785326107845691 ,8634.4355882535656 ,
-11331.543532714228 ,-13804.773370501582 ,-3280.1711920405473 ,
1079.1912427657503 ,5485.3048832950135 ,1386.5102577576376 ,
13922.881652645579 ,-8500.7365125583074 ,-11335.931191243119 ,
12465.400661971535 ,12727.617276196934 ,1299.9780938288472 ,
-2157.8628196293698 ,-5109.9308141030306 ,5895.2990986366440 ,
12236.551124296375 ,2420.8270007259803 ,-14310.801426248541 ,
-8593.0539016350031 ,8454.5665672314699 ,-372.56821482367604 ,
-4974.3277984250535 ,-6825.2644640719391 ,-11535.374845278271 ,
-8248.2547159454152 ,7316.9193506825777 ,-10665.154721981891 ,
986.16580345183559 ,-11750.013179840569 ,9004.3284958546919 ,
12115.812097131629 ,2123.6668368224550 ,7641.2553246564912 ,
3880.9501339184230 ,-12270.804088307650 ,-6214.7352222846039 ,
1562.4143714317383 ,-3450.0039109072236 ,-692.71516886084873 ,
-13369.822505406506 ,-11929.968664959744 ,-13622.099691902391 ,
-6085.9579844615555 ,-142.67570449591184 ,-14570.232476593397 ,
3661.6690808436565 ,-5064.0309241398681 ,14642.484481353667 ,
-8686.3418430522306 ,-11016.857285641168 ,-700.16943799268711 ,
-3168.4327759029779 ,-7921.2638091476520 ,-8978.8580758327098 ,
-3411.0565288306984 ,3380.9098248455289 ,5285.4098963943561 ,
-15197.087372520531 ,5374.0445711619232 ,-1480.8804346695820 ,
-14796.916150943687 ,3776.2504200504650 ,399.90809199611567 ,
1573.0290800746284 ,3696.3008131586707 ,10745.054389146075 ,
-13514.362695362790 ,-8910.4496696155693 ,-4971.6254171883738 ,
-2356.6161129344014 ,-819.60266315685806 ,2573.8149116415384 ,
-1103.2891115081070 ,-7781.4623906523993 ,1745.6427406983325 ,
4854.9819073550998 ,7364.9159892399530 ,-13736.335775870035 ,
2792.7066330779912 ,5929.3266469686769 ,6382.0842403958213 ,
-4642.0361822407367 ,-14344.486774265128 ,3797.9564841504666 ,
-3849.7828095703767 ,8327.6557159552158 ,7308.1693766764056 ,
-4060.7834405707922 ,13113.324534380115 ,3149.8145619473594 ,
11188.292688298943 ,9329.2439095457503 ,2093.4485516227264 ,
9153.7378312581077 ,-4715.2648984435891 ,-8365.4016453479326 ,
-4672.8153567174331 ,-10022.579714520461 ,-5031.0073897220391 ,
12070.459588410946 ,12779.991170245537 ,13085.788501428220 ,
4516.4856381142590 ,-6093.8489192370344 ,-13300.205510012702 ,
8921.5494464104067 ,-7166.7880539373991 ,-26.979969084872664 ,
-13144.597002037861 ,-7166.6021778032173 ,7252.6671135888773 ,
10013.424754555925 ,-9128.8911981461624 ,8180.5179854427715 ,
66.501802557757969 ,14603.674711418715 ,-3031.9141070480678 ,
-8734.1914567024141 ,-8266.6982491293293 ,2571.2677687587689 ,
-2460.7813297524149 ,-8360.1786427834413 ,10847.915617394317 ,
-12519.095509678886 ,8431.8428062475596 ,3259.7577192778349 ,
14308.082084865930 ,-3421.2613834957351 ,2068.8929862849632 ,
6448.4631870166404 ,-6396.9089321415122 ,-871.20596478859670 ,
7684.1380134270212 ,14098.719917871947 ,13301.801191410837 ,
13745.606560810893 ,-10333.326459062404 ,2778.1424968468541 ,
11813.725956234995 ,-11322.595813843836 ,-5954.2237968631398 ,
2473.7253362670440 ,-6544.6888253453199 ,-10288.201056695076 ,
-1925.2431285960515 ,-10403.293813638857 ,-13809.640802202639 ,
-9710.0626588304567 ,-11792.162656995011 ,-6055.4657265245260 ,
5721.4134258330259 ,13022.871986135504 ,9151.3913049951680 ,
229.75368339068393 ,-12193.820735925010 ,-2538.8230920047577 ,
9322.9057150197568 ,14027.008414844526 ,-568.68667336518638 ,
-11213.363264925161 ,-13185.931527111381 ,-64.382258575904871 ,
-15389.822704958084 ,-14981.423073383352 ,-11645.893287876424 ,
-1331.1599914223366 ,373.88545915055181 ,4663.9822216091761 ,
-1628.7277979017831 ,10533.844478561905 ,-4140.3818805873907 ,
7754.2979510795440 ,11798.786106980815 ,952.51476874132777 ,
-4096.2382875119083 ,11587.076534504204 ,-9189.1634818021394 ,
1079.6741486549240 ,-6398.0464768063648 ,14058.071114020242 ,
-2121.4329783191038 ,3778.3344598735625 ,-152.04675719651686 ,
796.58945108197497 ,11784.333557984408 ,1763.2705785210687 ,
14133.535074170859 ,-10147.340458426539 ,6526.6188849968221 ,
-10130.321944106536 ,-10247.558614313164 ,14808.271094213209 ,
1233.6790183645194 ,10983.782212706597 ,1857.8478869541955 ,
-3811.1079712784335 ,-38.833075984458986 ,-14211.051706011805 ,
-1624.5064609322249 ,-3855.7066718615638 ,14770.235861408140 ,
-5824.2103236667872 ,-13340.356222613900 ,-13207.845874573677 ,
12136.288467445980 ,3494.8030530743949 ,9649.8003191189837 ,
-8574.3436475207818 ,-14168.477129275889 ,11568.362381527570 ,
13519.552736976771 ,9535.9249201962066 ,-7376.5123504628937 ,
12171.951334316424 ,6976.3094055823549 ,-3874.2274654443249 ,
7377.4765523081542 ,-1458.3921349116185 ,1229.3777478381212 ,
13081.581915391960 ,12239.715102294378 ,2286.9755857446048 ,
7878.0918572568653 ,10043.190591063607 ,-3810.7351412086923 ,
-8425.1972061977704 ,-8713.0585801053694 ,5965.2301346479308 ,
13852.687776470915 ,-5168.3338805162348 ,13468.674487780767 ,
-3212.8585679635212 ,12180.395060995766 ,-5354.1012506815732 ,
-11897.939554946366 ,3690.7801782553529 ,-12543.459562713511 ,
14561.656275680276 ,195.45044837121569 ,8067.1737237935104 ,
5196.2462467290015 ,-11871.659644350781 ,-6573.2115108985490 ,
14264.664044608026 ,-8996.6923161890209 ,-1928.0104774457272 ,
-5150.9046484549663 ,-7514.0484858908376 ,2209.0458781113643 ,
-15232.515192906225 ,-3557.7497033643081 ,1333.9459392809999 ,
14424.754110638803 ,-7682.3599640403054 ,12131.484497394364 ,
-7471.8398894510301 ,-10644.574832792741 ,575.70980770840970 ,
-6906.7362788166274 ,-14600.699238800040 ,108.02013029834188 ,
-12061.588169739876 ,1153.2173577443996 ,14483.014059721505 ,
-9709.4670403330474 ,7258.6427176133348 ,-11196.384625227389 ,
8698.8552823876071 ,-3191.0377937402914 ,-13378.893272897634 ,
-6885.3221875210847 ,-11237.248854979729 ,6070.3272878742810 ,
1736.0469205231880 ,-4451.7170982093012 ,437.92484690079391 ,
-6676.3334803309781 ,5043.8506698101501 ,-11097.655910739028 ,
13721.168057013607 ,8735.0030846004283 ,10534.499794019039 ,
10312.239095796254 ,-4451.8844818868056 ,-594.19367639608072 ,
-6615.3805263490240 ,-1536.7539057611043 ,6258.7115041325906 ,
6236.7522601053779 ,-7633.8607412082365 ,-8502.4528253844383 ,
-2603.3032297422774 ,-13943.930624082004 ,-534.88193758913121 ,
-12008.064753806138 ,5479.5648696335174 ,6468.3853558251012 ,
783.04296877505715 ,-10724.782023368976 ,-10208.597745922323 ,
-7249.4437239730987 ,-4084.7029150629255 ,8872.8890125473681 ,
815.11637109450805 ,2704.8361031675836 ,3520.3342170261217 ,
6436.3310900599490 ,4312.4590400223224 ,-8050.3331697594967 ,
5410.7871440969493 ,-1622.7619870899357 ,1142.7911690681099 ,
-13131.772660302477 ,-10328.159402946212 ,-13286.378104678481 ,
6747.6164885833632 ,5886.5247947247826 ,153.25673020843487 ,
-11876.479686951483 ,-11595.683592950259 ,-12986.324878026053 ,
3682.7422533056001 ,12423.935746925645 ,2534.9577827601547 ,
6834.3030834823030 ,-1415.7820589951166 ,13430.901749743278 ,
13739.620424730203 ,3793.1408745752474 ,-14919.541847724646 ,
-3403.5184401010097 ,791.52499292705431 ,11805.015430041823 ,
-14252.544000317117 ,-13596.035358744748 ,671.45476730781002 ,
-14306.307636895248 ,-7374.8443347458251 ,-5165.5960494668998 ,
-4599.0992055070792 ,-1247.4387174141571 ,-12934.152529306324 ,
11973.668592548742 ,9516.0659641255315 ,-14493.335346206355 ,
-6099.7383334176420 ,5447.8855263086716 ,-6081.1074744854504 ,
-4977.5494857467411 ,-12397.515549185302 ,11251.313694916402 ,
-7565.3596598585700 ,-1555.9030339154137 ,5971.8013547857645 ,
-15114.268614492257 ,-4043.4787893568332 ,-6170.9342104029984 ,
-7399.0320302927212 ,7860.8053276537848 ,-4606.5052728130395 ,
-13984.982257242213 ,13800.309724196979 ,-9265.0119279525334 ,
13463.336742632540 ,-13446.799525958446 ,-3629.1001687091562 ,
-3758.6483498811590 ,10502.913717795365 ,13670.152990633002 ,
14023.133081653779 ,-10921.545743745970 ,890.06475668606754 ,
1001.1734288059002 ,-14963.416633294466 ,-13882.821944844347 ,
10132.884098784516 ,6991.3296222404879 ,12058.851945808890 ,
-7884.7446423036135 ,-10678.577533025555 ,-13636.187747043978 ,
12370.307712105981 ,-2937.9797011133664 ,5795.1175035778451 ,
9808.1970499851104 ,9244.3215601463144 ,6244.0768163105258 ,
548.93047729698867 ,-6531.8459125326681 ,-5496.1079879094850 ,
-1022.1996916475886 ,-12191.916095159622 ,-15041.246807234133 ,
9044.2244396047045 ,11879.253353233484 ,13322.605314764200 ,
2135.2885487080443 ,10368.961900014963 ,-2168.7552201394378 ,
5699.5070629028733 ,8502.6605069484449 ,5613.4866885414067 ,
-7551.6650585818425 ,-14776.921661049226 ,9764.3673830467978 ,
-5857.3522408080871 ,8671.2726458025991 ,-7549.3069696074235 ,
-12923.484350263436 ,3362.0372370197460 ,2097.7523902852968 ,
-7434.3795957543234 ,-8003.3899140200811 ,1863.8118787006401 ,
12657.689715019502 ,9564.7616063557343 ,-9693.4715916598307 ,
8835.3966214880511 ,5355.2194172145591 ,-8958.2769356958106 ,
5001.9067338480299 ,780.65190971108893 ,13914.123385101831 ,
11527.009427417053 ,10010.206194469783 ,2664.1904025127455 ,
11123.985337543085 ,-13493.730474645703 ,7821.4692458277150 ,
13906.503203327882 ,6488.0692181994109 ,8633.0091838923381 ,
-8989.2552883587887 ,-6559.0634791122211 ,-10184.286097214126 ,
5408.7548145332030 ,-12223.151146695998 ,-5855.3860067363221 ,
-2290.2705022542118 ,1778.3817899307164 ,-9250.1594435098177 ,
-15145.094341070066 ,1203.8410948157202 ,-12974.449842251313 ,
10229.820049575401 ,-11234.774330477885 ,6079.6702593121390 ,
-618.62371616268263 ,-1734.3397205633623 ,-11535.600766212303 ,
-5920.8167235964784 ,5739.6415978987879 ,-14422.289581502262 ,
4087.3559810141546 ,-4949.8744911610556 ,8068.4961297810532 ,
-10272.267447886008 ,-4439.1986379353766 ,4458.2601624782383 ,
11785.046082122642 ,-13783.976967763827 ,10249.521392214070 ,
3448.8811909219498 ,-10540.769818812098 ,-4240.9353750585233 ,
-10515.188291789793 ,8205.1417939268849 ,6428.7867896604057 ,
-7513.6363066894846 ,10312.357979718539 ,13282.064262831043 ,
-3904.0819993700056 ,-10540.848720367148 ,-9237.1437174513540 ,
-11608.250847606263 ,-3545.3768519727123 ,-9070.6152183457598 ,
6063.4299439088563 ,-3052.4850636768074 ,-10379.584358168251 ,
13828.151409723911 ,8288.4641002526641 ,12286.902643012296 ,
-5147.6545258257092 ,-14339.296033292536 ,-12031.213549942271 ,
-5303.3568336177277 ,10385.928063977319 ,-3041.8171361351747 ,
-5304.3794345793913 ,-6159.4001460235831 ,2799.9424521817941 ,
2012.9762992762685 ,3461.1860361017484 ,-6040.5232537856391 ,
-4697.1491955260071 ,-10749.852687489834 ,-8795.6995688306615 ,
5124.6078655156371 ,-10743.134775705201 ,13569.255143719291 ,
-10317.575005402976 ,1527.0208727617960 ,-6211.9978754132335 ,
11647.186752793843 ,-5094.0587481371331 ,8732.5612866704814 ,
7178.8734269325569 ,6353.5621403163332 ,-7291.5524419917401 ,
-1189.1587473746181 ,-3181.5750644083487 ,9953.0983726257018 ,
-7431.4598969361068 ,-8982.3139455665751 ,-11633.616511350023 ,
10556.449339897013 ,-331.24213641858262 ,1564.1872134257624 ,
13525.466746346518 ,11264.278332235919 ,4246.4712374098617 ,
6748.1606895404393 ,-1658.7848497119517 ,2039.3658069767239 ,
10600.855230277100 ,-8610.7517883546952 ,-8180.5157193477353 ,
2815.4771284496005 ,11905.069101704476 ,-13138.823183273171 ,
4328.3680172436461 ,-995.03894253098008 ,9274.5250794913754 ,
-2249.8189919824376 ,-9218.6717748815372 ,2175.0652594163817 ,
5184.5440655587036 ,-2377.0509964843527 ,1283.9576990430519 ,
8100.6477978360008 ,-10273.813034284056 ,12155.626339965967 ,
7288.5771419886323 ,9549.3405504653510 ,-10845.615191969000 ,
3791.1124716642394 ,13726.722959855602 ,-3436.0821995204901 ,
-9706.5771421021363 ,-455.39913541708086 ,-11520.876303809366 ,
-1964.6653016481682 ,-4511.3759539341827 ,8745.5983599254196 ,
2781.7155602862063 ,-4289.9614892573827 ,-912.69119001841000 ,
3121.0869311667288 ,6703.8629489502910 ,10563.585874668648 ,
9249.3845782292137 ,943.67075232158675 ,-6539.1296518818799 ,
3087.2701132519710 ,14102.663905296480 ,11146.686333008767 ,
-7612.6178047763651 ,1900.5501724696755 ,-225.24661080751184 ,
-1541.5254386095999 ,10154.785694144199 ,11741.768155163836 ,
9976.4960519819633 ,-6062.2764320978695 ,3892.6928893673589 ,
-7150.8941475681540 ,-2817.4215055425661 ,5961.8610988651035 ,
-5606.8154724189908 ,8971.0441935294602 ,5324.0976724694501 ,
10770.681091717235 ,339.99955201956652 ,12821.884216106793 ,
-144.90731482723220 ,11677.800072609230 ,5684.5768568381154 ,
7211.7383008623210 ,-13338.385591341610 ,-5088.3378679997750 ,
-15124.314256023241 ,3645.4007604797248 ,-284.68752102822009 ,
-4787.2035928011528 ,1426.8099058072062 ,383.55363907771198 ,
-12641.884842239842 ,6450.9334620835416 ,-5668.9921505661241 ,
12699.738327867321 ,14733.477301630903 ,13981.824357800631 ,
2126.0280854945654 ,-1229.8046211096730 ,367.69303600089324 ,
-10730.348185104911 ,11958.215990735514 ,3268.8748498651344 ,
10752.895633010610 ,-5428.1535955280033 ,-6604.0360299266158 ,
-9699.0697840019875 ,-10495.799511301519 ,7928.7295922317335 ,
10201.392408377475 ,279.10024258491137 ,5906.8629151142286 ,
13760.705960778645 ,13028.820680306902 ,4477.9694471218518 ,
12115.583258800018 ,13184.611289256109 ,-13938.703403938818 ,
-4279.0890622101570 ,-3751.3910979267143 ,3528.1416642682902 ,
11248.261896167269 ,-3519.2986916421155 ,409.73927578395660 ,
2078.0833016961174 ,-10421.999589708990 ,143.77254597269666 ,
-1481.6878983506372 ,13885.121528600144 ,-13663.329630441795 ,
413.30394629741443 ,12789.585657501744 ,4887.3884350233220 ,
-7544.0721007994907 ,6936.9560130532718 ,11531.473690845711 ,
10501.541469529859 ,7682.4077976962308 ,-14834.070310860427 ,
9055.7525587578766 ,14170.883142618854 ,4788.6229608351332 ,
-7506.4195787458575 ,11364.655286302905 ,-10400.011499517548 ,
13085.642453907314 ,5237.6588897948332 ,-5401.0864876025262 ,
-14790.822199764627 ,2756.1810656769690 ,9092.2854406312017 ,
-11005.271192869553 ,3402.9431228993476 ,14203.013129732090 ,
10139.078974215781 ,9866.6045678955616 ,5291.1772908661496 ,
10352.192890449182 ,-7491.3960845235752 ,6828.5763111985380 ,
-15351.473639108022 ,6494.6591448205418 ,7423.7712327181343 ,
-1979.0126509652596 ,11491.770423043481 ,-6215.9180709281081 ,
1919.4729135710463 ,3752.0936356082952 ,13654.670669758512 ,
-11672.616819957397 ,11621.692834301712 ,-4939.9928022267941 ,
9314.6249412444286 ,10373.248774101043 ,9808.3321998103766 ,
1560.6836821572128 ,4158.3450535995853 ,2223.5478023099472 ,
-11201.375525987705 ,-802.18944871295901 ,-7559.3919114440141 ,
12849.774696908096 ,3747.4060835827026 ,10445.632661209549 ,
3353.8299048979775 ,-9498.7909377217056 ,-9603.8516775793378 ,
-11592.199249441315 ,-4387.8177989725791 ,2382.8089531184246 ,
5566.8564710107848 ,-10399.342181114602 ,-3371.7707284223766 ,
14579.080585737081 ,-11723.334433324670 ,-11933.637338192433 ,
1601.6461572863832 ,2535.4022237719169 ,-672.02956679441240 ,
-4436.6333104022060 ,9379.7217251034690 ,7198.8978493167833 ,
-6367.0075696547710 ,-11658.565697457987 ,-317.86197625209616 ,
-1536.8158671220458 ,13599.217504306323 ,5171.3617151902090 ,
7227.3897955045131 ,-10889.638311491943 ,-5916.2631415020805 ,
-14701.199704736779 ,2524.6038716633652 ,-8592.7975919314322 ,
6485.0108886938497 ,-5417.8468619178093 ,-10986.852669991518 ,
14451.509274028760 ,7445.8481469374219 ,-6420.0747974558180 ,
12620.349795371780 ,9309.0471485803919 ,-2854.4266183529057 ,
-9084.6679761807409 ,-3328.6976924083660 ,1024.0291028409679 ,
-11493.703316743553 ,-516.56083231969535 ,-2678.3799743484656 ,
6257.1743815670516 ,-14676.551731530328 ,-7725.2154151087470 ,
10557.951496466403 ,14235.911400429484 ,-7437.2479760180267 ,
-96.159924508075505 ,-7212.9501791384664 ,-13541.575417087408 ,
8991.3879320786382 ,-2410.5091838948897 ,4006.6772541385667 ,
-7247.3464942807032 ,-4414.3843352757904 ,5529.8931060703708 ,
-2655.6577860856628 ,-497.61181569011171 ,-8422.1867431585106 ,
-3961.0625393298701 ,2049.8615289828872 ,-6428.7473842581567 ,
-1678.7562148360480 ,14046.478017719373 ,14556.209332736691 ,
-9179.1079786078462 ,10229.037177557491 ,3021.9641238271156 ,
-2117.9383092841304 ,2755.4512220460115 ,10006.748823566953 ,
9683.1371682494846 ,-14605.480218733426 ,-4515.8330147558445 ,
4062.0067586468563 ,-7526.9161068318517 ,-1869.4280437585553 ,
13975.436263532667 ,3306.9876688364843 ,-8379.7082739476773 ,
2249.5949029745630 ,-464.10392209324311 ,-2413.8076332013266 ,
7725.1112895300603 ,3574.7186048967110 ,-7278.3934200039221 ,
-9643.5296825872229 ,5492.9195704450194 ,1408.2368420615144 ,
-13654.367313491286 ,-12159.364056333632 ,-6314.2500817166765 ,
-9907.3570445325749 ,-6425.9801014487275 ,7286.7569922081257 ,
8369.9134659850552 ,11547.104637352450 ,2633.7598423370487 ,
4727.3030637995571 ,5091.2521130251789 ,12637.827750430502 ,
-8863.7154801982342 ,-9157.4772204040473 ,14009.034881487301 ,
-3770.8379891547843 ,-10880.247468734966 ,-1848.8968638127794 ,
11733.043601060524 ,3842.2230186242873 ,10812.402933253381 ,
6484.6560341605464 ,-2863.1822952357538 ,-11184.926322280558 ,
-629.55297322505373 ,-2071.3916108619574 ,-6410.1283138726922 ,
10911.918682949663 ,10822.872055797887 ,-12907.307757886843 ,
6855.7211806628065 ,-7152.7162341778867 ,-4320.5495104011625 ,
9090.6768300204112 ,5662.6838473881999 ,-10293.388561485152 ,
9441.1623374250976 ,-836.65029971614570 ,1765.1503463768909 ,
8778.6536275431808 ,4409.4746638890410 ,-12205.737529290011 ,
-14480.399081352276 ,-7338.4555851406658 ,312.95089902097561 ,
11642.920104423965 ,-6965.5628835665520 ,11666.183466989287 ,
-11552.432218791511 ,-6910.1158228273143 ,13457.208984705701 ,
-1645.3047398808390 ,-2997.0056118462339 ,13125.074332246882 ,
9292.2369521590499 ,-1312.6540918921614 ,10265.828399100550 ,
12457.601510726412 ,5898.4549810983062 ,4947.0905964281174 ,
-5178.0709316579023 ,-7486.6292795499112 ,8204.0762751664352 ,
-15369.386359043187 ,-8505.6145043280048 ,-7907.3751261735197 ,
14528.841643169328 ,8774.2765626852033 ,7135.9244236946706 ,
2527.2623238343244 ,-1950.6897121041543 ,-3191.9850175264569 ,
1033.4733790230189 ,3059.7911753502835 ,12542.709971749520 ,
9525.0919163910166 ,246.49690834477079 ,-11768.874096212936 ,
3095.9289061175718 ,7563.8560550956081 ,-1028.9670635528951 ,
6940.8515285040112 ,-5058.6455529045779 ,3074.0336371396238 ,
-6645.0990339732716 ,9122.3762656715971 ,4806.5845940977470 ,
8477.7320902872034 ,-8020.9637839441848 ,-5451.3939056805975 ,
235.59493018649357 ,13714.284319600343 ,3163.8190316092637 ,
-9219.7204171344438 ,-8782.9512974592635 ,4363.9892951425627 ,
-7811.7568120829110 ,-12347.791721595693 ,348.58649853545057 ,
-7829.6884220110751 ,-12814.007579699230 ,-8618.8327028064832 ,
11347.298466830498 ,-4176.8756133548650 ,10378.637753805784 ,
6734.4094188757290 ,12636.793444337478 ,10696.294562903406 ,
-9503.8234765825855 ,-8776.5265764585674 ,9190.6169826537389 ,
-13058.469496302967 ,-12503.042693030176 ,-360.87060242665802 ,
-669.29369890998657 ,-6037.7307926750527 ,7857.9941240593125 ,
-3512.5421594940885 ,115.77199321111075 ,-9684.0020511471430 ,
7873.2323661674081 ,-13046.676503441899 ,-263.64796255280862 ,
8765.2112063227960 ,-14347.128783264479 ,5327.1470664334865 ,
7352.1913795013925 ,13399.512314145299 ,-6661.8993591439194 ,
12724.017715832286 ,-555.76150389530233 ,-14747.304979997618 ,
-14096.236909457632 ,10683.435466703742 ,4546.3511313970430 ,
9439.6886092690274 ,-9342.4428295151301 ,-10306.602245664046 ,
6060.5158329905744 ,-1984.1176214471757 ,-5953.1313645250484 ,
-4419.0432892626750 ,-4301.9314944992821 ,-2270.5982608571835 ,
-3437.8501316067955 ,-1933.0224699281675 ,5390.4609147432511 ,
8011.4349868646195 ,-10482.911074044563 ,6090.1711052785704 ,
2700.9405003930901 ,4687.2387453077918 ,10759.339943283097 ,
0.93762142503021551 ,-10837.275516632895 ,-12188.368526278489 ,
8176.4125401666852 ,-2730.9621051691406 ,45.372345466615570 ,
-6432.0934082619633 ,-13797.361630869758 ,14376.658125359814 ,
2685.6099064140203 ,8424.2151339144857 ,-12698.179112896187 ,
-9328.3440635027055 ,-1328.6565399605729 ,551.87130763579034 ,
-14738.149099577431 ,1989.3810440227485 ,-8231.5669671523683 ,
12760.243574638918 ,-13538.495912431892 ,10187.937006231505 ,
-2505.1955649744409 ,5643.0777324349892 ,-6405.1472298621939 ,
-4066.7862448451738 ,8861.0343136647480 ,623.78678356807859 ,
-10347.902665354077 ,-7162.8876478415632 ,-11735.078257539739 ,
13893.279845818959 ,-1759.4251686143502 ,307.44544378072669 ,
8075.6282304985207 ,8361.3751177085014 ,1078.3155811336305 ,
-4988.8237549399119 ,-4657.0655308164405 ,5865.3566781604550 ,
-12684.310345058995 ,7773.1509603534887 ,-1294.9591954405209 ,
-9956.6795902565500 ,-8314.9606356263648 ,-7078.5073253464434 ,
6105.9845123679834 ,-8416.5573799793074 ,9299.9838576353377 ,
8386.2666089891482 ,-9007.4977462238803 ,-13540.923415845467 ,
-1590.7663622927626 ,9837.0475385817972 ,-7214.4583630536745 ,
-11569.190614341378 ,-1722.8428919298053 ,-4554.5556656097342 ,
-9704.4516732377469 ,6329.2521176321188 ,5699.0157300963710 ,
-12428.520442929765 ,3040.1787960006754 ,7473.8540448242220 ,
7708.9229780813575 ,7761.4410196294684 ,-3596.8107227844198 ,
10991.136995350933 ,-12612.346294470242 ,-11129.219258212201 ,
6447.7317622180553 ,8460.5570651247672 ,-11964.460388901303 ,
-1055.3121342759418 ,-9287.9127133765560 ,14676.006784822928 ,
-15147.136957812269 ,-3091.7488534249928 ,-3228.3493477494544 ,
-6133.1031750256216 ,13845.942920210853 ,1173.3655049123549 ,
-13570.062693711474 ,2216.4384518105203 ,11147.144178787026 ,
13798.018134744039 ,-3902.8411831636236 ,-5607.4731912270054 ,
13105.544820729212 ,7637.3785348098299 ,-5767.0182669919868 ,
9269.7209788572927 ,3965.7869631158997 ,-11810.155735913215 ,
-12538.441081453328 ,5932.9570106763695 ,-3753.6406707484880 ,
12668.395593891399 ,13070.241910377868 ,12087.189160249653 ,
5806.0264416614436 ,920.10310734016491 ,-4413.1055540615198 ,
-5134.3287150213682 ,13046.855018101351 ,538.72705729041400 ,
2621.0298596885427 ,-2335.8023528619246 ,4777.9877567474377 ,
-3899.6308032726788 ,7170.1331163915802 ,-2433.9942917870035 ,
14493.901821690290 ,2108.3756210716551 ,-5228.5674324605188 ,
-53.311516475397525 ,-1858.0647155655711 ,-2879.6929983781670 ,
11422.324839104547 ,6245.6269038137016 ,-7053.7707869233491 ,
-220.27853785915374 ,2866.9382419700219 ,-9846.0489472168028 ,
-14688.224850959992 ,1013.4158026674107 ,3176.7261264560962 ,
9289.6648601108409 ,1436.2787850130721 ,4221.3707109220904 ,
4455.5834192913271 ,8346.6739375545458 ,14683.960163167072 ,
13111.468829851130 ,-3636.2692812691289 ,9765.3879770658514 ,
3022.9618602740507 ,11676.706577600629 ,-2038.6272509972882 ,
-13738.811839634775 ,10202.892493999696 ,-324.38521032007566 ,
1672.5357467132549 ,3581.3014247208180 ,-452.21922345769826 ,
-15338.220439605990 ,-14321.697603062739 ,2649.4368910846256 ,
-8634.5824845608568 ,3786.9539226702132 ,5779.5712805331150 ,
-2289.7433629181955 ,1802.7385091521269 ,5524.6157641465161 ,
2918.0783858574346 ,8021.6932655030378 ,4105.8866417293775 ,
-6281.2744049407747 ,3140.5725228846809 ,9463.0653428668829 ,
4093.1979603331879 ,-3643.3952624343997 ,-4222.4491718312893 ,
13342.342551421863 ,4302.7231381584261 ,7971.1473027484408 ,
2969.1602688930748 ,-7188.5681560829162 ,-4887.5942904609583 ,

! Momentos
-79454.372213183233 ,38755.651254417557 ,31912.624530538629 ,
10719.232651076069 ,20652.676767679099 ,-40503.186270344173 ,
1708.3157162959994 ,48756.269446600156 ,37433.245008754027 ,
-19033.697101628757 ,10444.468681482069 ,-59430.014469522182 ,
-18153.663336347072 ,24141.724170830974 ,-14968.313066239860 ,
28388.542607602529 ,-39288.593698737881 ,-31698.339021296539 ,
-46073.888683627425 ,-50741.685644080317 ,-7741.8780590636097 ,
-7756.0145919343558 ,-24771.152135934579 ,-37663.046516176939 ,
-17241.762081256220 ,-55836.220097484736 ,-19912.866500585300 ,
24749.337980688426 ,7075.8110009795018 ,38357.043132397004 ,
-8091.0232931060009 ,65788.370029500176 ,-32712.369907566790 ,
49755.997652639009 ,-48185.064446400582 ,48847.062626774823 ,
-60492.504430580018 ,-10759.414646270936 ,13225.903374755942 ,
35698.503607184546 ,-11538.894398186998 ,-23748.853171677936 ,
-120.76086436899659 ,-1868.0903555998800 ,-49093.103898719608 ,
-33648.248746023026 ,-3083.4198181135416 ,49358.527646112445 ,
5532.1917999553789 ,6869.1726295986446 ,35191.417356954778 ,
57598.851893011757 ,41073.581109965075 ,-2336.6812342648327 ,
40855.553761331517 ,32266.159994920166 ,24800.305540888567 ,
37732.309989181980 ,29464.132338839336 ,-36581.918066252707 ,
-67519.327250094269 ,-49045.795440599388 ,-23488.094844938525 ,
-14480.447338080148 ,-56167.866327784977 ,-54175.495850207044 ,
17910.967869450335 ,-36345.788992192276 ,39172.404975285201 ,
2867.7407187554377 ,37432.874866874125 ,-36083.526612616850 ,
-98.986363014666722 ,-5536.6213662922592 ,35452.112024280650 ,
8542.7040232970739 ,-54110.352843075489 ,45405.808564261868 ,
-20483.809659760998 ,-11280.210302986014 ,-18315.006435895597 ,
1735.5699718606606 ,22100.319247121810 ,-28052.405209448450 ,
49884.508225908132 ,12788.747671675674 ,1999.3445070303123 ,
37845.951931718060 ,60100.728002570380 ,-46304.755981003189 ,
34804.941270145595 ,-24182.223802158722 ,-673.41877693892297 ,
-71052.663549324294 ,-6594.3587797818063 ,52029.193979942538 ,
34212.829590259578 ,3570.0385254069911 ,990.02218217677353 ,
-26085.088322854790 ,-44627.936427449713 ,48718.757439077686 ,
49320.476957416780 ,13286.654456815342 ,25516.237244152428 ,
76122.905217843887 ,-33179.631480469077 ,66792.741342635825 ,
-9384.7440444211788 ,11422.939398875900 ,-23191.310817990929 ,
19757.363255878354 ,31038.364290454916 ,52289.269764292425 ,
38529.839177922775 ,-51740.785489123569 ,38094.660509677429 ,
18654.001555723138 ,16614.533674867987 ,-85659.163054484612 ,
57188.795943319674 ,78059.566868029855 ,-33319.348075013913 ,
-48191.522962362455 ,-29841.726060633526 ,-37140.597836458415 ,
-55867.169650817865 ,-25242.115561589500 ,-11563.965872141021 ,
-59458.854792839818 ,36000.285328878563 ,45688.620073275189 ,
-16925.519055584500 ,-28936.884424802196 ,-12457.028628874037 ,
68442.114580641966 ,2276.8144746662992 ,20524.907901395251 ,
15361.616874382144 ,-48131.521156044291 ,-72156.216508769794 ,
34557.081287068948 ,18393.917563222360 ,40685.302541472331 ,
-7613.9971905598604 ,-14085.627597068731 ,26547.068898783440 ,
40443.025035672006 ,-71523.844049784559 ,-85387.217409261051 ,
-34721.736265514177 ,20352.979591034586 ,-49279.547629464854 ,
33644.313210341039 ,12561.123023978087 ,22479.255547348941 ,
12094.316570146035 ,62226.774367748774 ,37840.093529695107 ,
-26905.992631540128 ,-75817.377291287441 ,40767.912290413376 ,
-8812.9306880540425 ,-40891.331477102183 ,-35674.692988513780 ,
78564.194451052390 ,-2909.2770298514574 ,28100.558908471179 ,
59358.675573673652 ,-42991.859955547792 ,-5465.3810234504208 ,
-20486.070993116322 ,-40980.041642594042 ,60497.428258708867 ,
7576.4704164139121 ,-43641.956274404460 ,44533.266856492904 ,
23215.378528677091 ,-15000.938631905214 ,63605.582987346417 ,
42855.935977475383 ,-15056.192861020689 ,27875.537390579007 ,
15616.887404260257 ,15029.169138300796 ,11503.386427838333 ,
-42103.048485842417 ,55477.232699941575 ,19116.149541260205 ,
52567.517901430911 ,45272.863893713838 ,-44172.164326564918 ,
-64617.654423553933 ,-19363.919075056932 ,-36162.367953518944 ,
26830.972556280329 ,17205.759843608968 ,-44763.682871654717 ,
-11810.442011023630 ,-6379.9278220705710 ,17435.032276588914 ,
-37198.452634420930 ,21338.868384863974 ,-39037.208964336533 ,
24476.019428471114 ,-26006.398258227207 ,72155.958225705836 ,
-38086.850566134141 ,2524.7900936429351 ,-15478.278934106771 ,
-22937.006460644730 ,-16414.085955278224 ,-45909.853053302126 ,
-61706.139987138180 ,-14799.868222022968 ,-45933.906066940719 ,
18417.596083516211 ,-52230.372440048486 ,4069.6734685649531 ,
-64051.482283405800 ,-56947.819532446018 ,-61805.034476724002 ,
-32230.608858001335 ,58431.503749033720 ,36979.042513657936 ,
-27760.101421838706 ,25574.012907204920 ,-18542.052814968716 ,
-57571.888474091778 ,42427.004241036782 ,40977.197152172361 ,
41944.957471289548 ,-18460.104688895372 ,45699.288839056375 ,
11924.859988532580 ,11233.903913299911 ,-20275.101514262220 ,
3211.7486357795533 ,29212.386556790196 ,28392.382507366707 ,
-2785.3140871028136 ,46170.756303897535 ,-49170.029274926688 ,
-25538.899389540326 ,62702.466046218644 ,14434.821992330313 ,
824.67502812631676 ,43253.877012645506 ,-32866.498012945682 ,
-15257.717613445378 ,-73002.698995802901 ,-49949.252347647867 ,
-73556.675490895999 ,36786.884320270648 ,-69364.282996351554 ,
34614.794417772478 ,15261.981585819116 ,-12547.597950501189 ,
-69008.876359580070 ,-68597.189581163839 ,-42624.380968308295 ,
26385.810996529923 ,14305.408495544318 ,53210.564874310810 ,
13715.377951657378 ,48465.974715545002 ,40155.417331341108 ,
-45536.068141984360 ,18721.347396208963 ,-26948.310989411457 ,
-11297.181157256366 ,-13674.742576675988 ,-27227.600430409122 ,
843.96418554510012 ,-12212.584630101785 ,34791.676639005862 ,
-12265.096011817264 ,72284.654365083654 ,39561.725521671331 ,
-45604.345560449176 ,22369.430833427385 ,38601.888654057162 ,
-47689.757610619781 ,63277.142176542475 ,-35026.119725751851 ,
11826.966661650753 ,44790.060239275372 ,-6304.4797738218749 ,
27402.940821348067 ,-32685.262216794028 ,-434.98535871394859 ,
46050.901584318555 ,-16042.520405131458 ,-50279.109689133744 ,
41615.969692197985 ,-31439.364392808369 ,24566.132661386608 ,
-47420.792001848749 ,315.84009184047568 ,-18172.229248112850 ,
28203.590842452948 ,-22562.037357152007 ,38385.182457739465 ,
22266.644650580343 ,-36900.286292587858 ,2009.2785760865340 ,
-12344.890111138366 ,28408.815260155265 ,-46343.674450270162 ,
-40462.042441424572 ,29375.871786588144 ,-27224.228639807818 ,
882.33608869104182 ,-1883.2604252530011 ,-4117.6936705088992 ,
32236.083710061128 ,49428.827455337407 ,-22790.195781096183 ,
21493.492303622639 ,66894.235406660999 ,60301.083586612367 ,
57725.610623530476 ,41894.039573575566 ,-48117.997815923227 ,
13373.643068080730 ,15025.659194073398 ,49467.279816602655 ,
-60778.623011524985 ,-51322.624270532564 ,-54459.009270634779 ,
-20935.844096784967 ,10046.720228656020 ,-11725.550447772141 ,
-27173.554313981847 ,30615.399701859726 ,13957.901487186296 ,
-17879.777668078736 ,27843.828334206206 ,-141.53060536317244 ,
-47571.427336278008 ,24649.996974000074 ,49589.782462821124 ,
-70758.730366365548 ,-67482.609352416650 ,30180.785907538582 ,
57027.761257787235 ,-29486.694209640606 ,5892.0023995349884 ,
6674.6385448361370 ,23081.921257684618 ,-12376.298709814504 ,
-26899.018327048369 ,-9946.3338827043317 ,-47226.562564809094 ,
53405.690806067963 ,64231.433990020429 ,5733.8338104943168 ,
2889.5820130755474 ,27066.575939112809 ,-4785.2493255756526 ,
-29291.688027769007 ,50070.251491001021 ,-13973.167881000010 ,
30549.627859064134 ,-36679.349414782570 ,-16664.418882361009 ,
-37487.502031633048 ,-17822.454418057190 ,58330.673288565631 ,
-19443.650575045180 ,-8372.3345764329842 ,-36938.785993715683 ,
870.52193986247107 ,49853.003068325823 ,9294.0194396796887 ,
36809.434368885850 ,-66225.829810083495 ,1149.9778675337566 ,
-35488.868018347777 ,-19664.534184985179 ,32414.959879321843 ,
-60700.927491329523 ,-47266.311187645981 ,32151.287255587471 ,
-60047.822838264372 ,38011.718591922945 ,-68847.572756729947 ,
-23769.138736530171 ,59526.640721143063 ,7704.3700484705014 ,
39545.075423765360 ,-53572.867955368340 ,-46070.738371905834 ,
-41948.292481247663 ,8842.2684519518680 ,-63964.715995014805 ,
13199.132873662260 ,-70845.977703057506 ,-41233.282203828341 ,
12318.137962571524 ,63317.001616151043 ,-24677.661285733542 ,
-5610.9923406408070 ,9170.9783861704673 ,-43367.095768717438 ,
49844.858262017748 ,43572.078034504935 ,13248.634675246707 ,
790.62294743475229 ,-32101.661941886785 ,-25825.116187296688 ,
31209.428674805727 ,57098.261144123571 ,49670.046013085390 ,
-58703.666444214730 ,-11848.963445566136 ,62206.995038464054 ,
-6608.4614609663595 ,274.85641574470696 ,-33491.717550064772 ,
61786.100844769077 ,-52321.290551547965 ,-59429.213438923041 ,
-5232.5621805881647 ,59180.873645909262 ,17077.386742667371 ,
-6811.9735673444957 ,54316.120415224264 ,-25921.327396453624 ,
-47607.336657297608 ,15176.573706835568 ,6932.0610301818142 ,
73119.233986718842 ,-43498.547527601004 ,-41500.756350805575 ,
-54593.229018500140 ,17374.088103473976 ,-28283.161375382995 ,
43833.678775165914 ,-79356.817487994209 ,-4850.1257169726086 ,
51454.732156051949 ,36937.495835624875 ,-31864.267275088507 ,
-34165.969799908366 ,26766.530928550317 ,31584.243064926864 ,
-65948.608074538468 ,-41243.191583505642 ,7691.0988884166045 ,
-10810.655636031983 ,-35115.032291167787 ,45261.613499211715 ,
-30146.903454045223 ,29425.572988483302 ,9428.6976223199727 ,
-51845.548440784391 ,-36028.114936904785 ,18034.571257354990 ,
27513.059080030009 ,-19201.624334069013 ,19482.268615764518 ,
65422.177994108955 ,44137.813389749324 ,51528.435285082371 ,
4685.7143906227066 ,67590.862405204141 ,58691.273344526315 ,
-6442.7921262449745 ,-27999.043948995441 ,-21261.021080590112 ,
-325.10308099243747 ,433.88788925688709 ,-50101.862215991692 ,
-12923.989607648231 ,-13749.387891890103 ,-18300.792834190524 ,
-37364.710355702577 ,-75040.409205934833 ,-39261.297969012114 ,
-4390.3429818267205 ,-45642.767405544742 ,77176.717405532734 ,
25619.196030712708 ,37224.071085280171 ,37852.505399709109 ,
37715.939445358861 ,34499.075376751964 ,-48094.297633817012 ,
20819.384021452421 ,-23580.146017022031 ,-3940.6844974005021 ,
48755.686582917435 ,71799.518578530100 ,18264.192995006695 ,
67752.933920798896 ,46209.905259840081 ,39308.897186108574 ,
-25315.468954114574 ,50084.551587609058 ,-4683.8810278110850 ,
-15865.729842621065 ,63265.146824742376 ,24518.917712831641 ,
49025.618217247189 ,-39839.125721624259 ,56108.732919316528 ,
-61519.666513845143 ,-59764.871270570286 ,-14790.601400093428 ,
-46638.304994052945 ,4896.1651009116076 ,20772.475344128889 ,
-29833.436178997916 ,43203.410268460328 ,-34569.576580096531 ,
9557.5708920929483 ,-24428.277336364652 ,-64246.535507379427 ,
41965.639684365233 ,-57046.857840471312 ,5078.1588811840029 ,
12655.085611359782 ,26905.542833877033 ,40542.035237355827 ,
36814.079788983050 ,-42152.895929356040 ,29479.230915141605 ,
25346.449447217274 ,-47999.267219098554 ,21692.840437194460 ,
-70821.828337277810 ,-55314.624378349334 ,49469.929059516020 ,
69586.585160610688 ,37101.238913671448 ,-29265.739917049188 ,
-23312.911046478734 ,-30980.060578231820 ,34160.987486130878 ,
-53321.352726620011 ,-42475.023150126122 ,23595.506189331292 ,
43040.699982273574 ,10902.344555158379 ,67223.087434682500 ,
-30712.895747947154 ,-50691.926373087488 ,42406.146016308368 ,
42939.073815650772 ,48312.771538689405 ,-53866.665461189164 ,
-32688.747609642676 ,16281.502786698586 ,71871.077555562850 ,
-41276.240612427879 ,27848.996915335461 ,-23339.247446479018 ,
-39713.048023915857 ,-12205.743735588752 ,17392.359670538637 ,
11120.587758671571 ,-11500.364453519143 ,-36403.320570106174 ,
-66757.048611780978 ,15571.233742233175 ,4674.4465288013889 ,
38556.951223690572 ,21980.005222123804 ,46349.383710105263 ,
-31303.481849167289 ,-56551.859388364224 ,-22740.310495640981 ,
-30199.020485417259 ,66108.505802383312 ,60688.600503839691 ,
-37922.699329750380 ,-19913.986746169132 ,52667.830490204513 ,
-17314.600790665751 ,19184.664078380018 ,42534.774412065482 ,
24425.038936707893 ,-26769.397257157314 ,-18581.675606369372 ,
-35368.126828640801 ,29179.042415507804 ,-24794.243954798265 ,
23446.907365620678 ,28246.834407308845 ,-28142.777787937506 ,
-28732.238138189132 ,36160.264649384284 ,-61376.690847727303 ,
-3192.7465572623046 ,38422.925834072870 ,45481.374533858769 ,
-66989.905698848481 ,-27507.849934240607 ,20443.766129197458 ,
39007.712431825013 ,-71657.576071310148 ,-80322.422157987734 ,
-50263.863864670224 ,-22176.183404041112 ,2694.6787497467944 ,
36041.147432250553 ,-38742.382422186609 ,54258.895560612189 ,
-54351.530600186277 ,-44521.919968886854 ,-46704.516087263924 ,
19372.262641062811 ,-36021.244909890047 ,50211.774768887517 ,
45784.805590807293 ,-67346.859669382058 ,-6123.0895730299790 ,
66733.771025633381 ,64839.200089776779 ,355.74919447444586 ,
-78844.500655782424 ,20228.036060458369 ,7496.1759931333354 ,
-43646.938315860541 ,-67272.847314989020 ,18262.519337510545 ,
-18289.348024394079 ,-12949.493544577645 ,-58829.517960077254 ,
53146.518790449474 ,9479.6198057530037 ,-9257.9548361797370 ,
47978.211352124388 ,-44345.959066111493 ,-48522.834463457046 ,
-33839.302479129627 ,-30310.258294263549 ,53981.158570263055 ,
59041.803270587952 ,-48655.621919929530 ,-36415.194549712556 ,
-9294.2765830635217 ,-57688.309236635207 ,4086.5104078707664 ,
-7563.2214983897329 ,28607.834385482154 ,-24804.518388729277 ,
40192.391656449203 ,-57394.191086388841 ,24321.954369580631 ,
-37363.121169549726 ,36923.400021727670 ,-40890.760763215912 ,
-35633.636859893129 ,66341.973957911687 ,21316.537149861957 ,
-15375.510319118832 ,39590.494451892722 ,-38766.422984635392 ,
-24650.491518599316 ,-22318.799864439050 ,-41218.896594208127 ,
53616.804239874720 ,70168.915734527880 ,72061.136124119002 ,
-44792.389951102952 ,40334.182783336859 ,-24835.817791815760 ,
-19481.547647798710 ,37015.974572941450 ,-1806.8425788023476 ,
-46894.810039571901 ,17072.509504250367 ,-2901.9150631826619 ,
40828.129894420512 ,3190.4786818863790 ,14678.996677214580 ,
-22957.835461232800 ,-29913.797878482648 ,60108.207949485972 ,
-17121.826699932433 ,48549.513273619399 ,-56110.109418424006 ,
-17070.576822007952 ,-46513.490450970523 ,16000.438998224556 ,
-15242.560946883263 ,-13879.107302725601 ,12832.059772400187 ,
70399.796156639146 ,70092.700442391215 ,17645.744516536350 ,
28750.378835365205 ,-4838.7993966531167 ,55984.966429487169 ,
-3935.8122252876597 ,21473.654815122307 ,-16208.438250405996 ,
-69818.582385688977 ,-58844.602552204015 ,-50160.812380177653 ,
17327.658526600873 ,-70037.341318653867 ,-70394.496008847171 ,
2657.1108536258207 ,51506.249659323796 ,21244.260597003566 ,
31666.372189003207 ,34358.348899995108 ,-17108.052244488747 ,
-37561.529000248272 ,47454.059967361660 ,-30090.586442564650 ,
-5565.6641746657806 ,-115.27183225637812 ,-72885.131235495137 ,
-27345.131434588511 ,-51981.146894192825 ,-24727.617116869835 ,
5570.1184843509291 ,-60766.042176391733 ,36125.220360443956 ,
-36706.265010015260 ,-29754.404995407334 ,-36232.631457760748 ,
-55377.143324177152 ,64497.863814991346 ,171.28790870835903 ,
-12641.486133834927 ,28864.806945658129 ,-69872.607750815427 ,
11471.865740709893 ,17088.689965765603 ,2559.4246440286802 ,
-44684.720261775517 ,36421.053262826528 ,-3616.9571976912357 ,
27745.432702316295 ,7532.8145669907217 ,67919.321771202915 ,
-41998.765580813699 ,51892.570446299796 ,61199.510255671943 ,
-29647.533811638412 ,-17013.254706679592 ,43292.626218451791 ,
-17838.124949414563 ,14232.651698097190 ,-27007.220168099648 ,
-36663.467082467716 ,-22860.925534630183 ,31942.339955483909 ,
-11484.830069202051 ,51798.376076921508 ,-20758.020898122533 ,
-4193.5030470544834 ,-21348.038510320606 ,48949.866709272857 ,
38530.232658507382 ,-61155.541225472989 ,12019.032122986446 ,
49205.893847543601 ,8177.1217170176342 ,-18284.900849804129 ,
529.91489254386136 ,-63390.066373315844 ,4820.6255366853202 ,
4554.3680750845160 ,14511.187474984676 ,-36817.027143280022 ,
-9060.4778682880042 ,26747.301541042598 ,-34916.160738060949 ,
55042.968680634171 ,-33991.694950278528 ,-39979.360875166974 ,
-57903.212105102335 ,13443.050731397689 ,-3064.0596404752177 ,
1381.6582838113679 ,-1424.1300185785844 ,26586.459938420139 ,
-41221.284583188477 ,-42985.192773671391 ,35252.716350871873 ,
-25697.864822953401 ,-39407.153184119554 ,7591.6473494373522 ,
20420.533913200859 ,-58001.638330386289 ,-56922.525219742325 ,
-17607.778515555772 ,22803.430140231336 ,34941.498476345587 ,
25583.517732052442 ,-35005.861094642671 ,-14785.919195577069 ,
-57620.091531661004 ,-11585.816411593327 ,-27676.653994193817 ,
33342.127034808836 ,16918.030428301914 ,-14253.260208764954 ,
-46364.972995156561 ,-37527.671307904027 ,-25339.004550313064 ,
-34077.071331399864 ,11090.015675078990 ,-22245.753668639718 ,
-18583.118524341968 ,-65830.473328681008 ,-20157.946381075406 ,
8461.1177880706418 ,34794.314644270220 ,44143.356182648218 ,
-64002.595859812624 ,-39107.169792419372 ,-31842.424999404611 ,
28597.844788107610 ,19670.510200330686 ,30171.902906492960 ,
68269.471896223622 ,-35345.208094752990 ,67974.459320058479 ,
15459.362435832014 ,-58676.666806911286 ,-5904.6054010898815 ,
42271.295549046132 ,-27336.367803242611 ,18929.821887033933 ,
22877.423204428247 ,33409.841180716459 ,8400.3489232496559 ,
-28461.419930343876 ,49648.072790483267 ,-76714.415928228409 ,
41851.893817773249 ,-39392.861339968440 ,-17263.840516525001 ,
-49088.768657822933 ,49288.695867063667 ,-21842.770765785677 ,
-20278.142534699884 ,16382.109490242032 ,-36388.207816040558 ,
19702.485801470211 ,9057.1600715289551 ,-46026.695543609043 ,
30368.646466391587 ,18755.844129305842 ,-17536.655027700253 ,
-3676.4765356833182 ,32084.294260887582 ,252.35323507701273 ,
-70042.298193836759 ,-34276.662891367792 ,-36358.559987259432 ,
43608.540802475763 ,16285.888838278981 ,22955.294917538307 ,
-31608.726521659333 ,-52330.266097036954 ,-53929.900148775778 ,
-3195.8189586657422 ,2342.5894867876186 ,-56475.072171870983 ,
9104.3501100836202 ,30984.687971555275 ,15922.630097299269 ,
-32308.505044973135 ,-4651.4290749273478 ,-54458.268030988904 ,
38915.662227279383 ,5185.6389698820394 ,43787.397545171007 ,
-16894.062305692030 ,-62265.991649272059 ,-28516.554616602687 ,
23888.861460154461 ,72419.492004453816 ,-22903.561690804247 ,
-46905.932071088515 ,-57601.158684134636 ,7508.0240749494333 ,
-39615.815426631591 ,78069.668027582287 ,60004.594341599950 ,
-31073.296018904031 ,19852.498795376709 ,-28333.907231143512 ,
65788.870879735012 ,2410.8460080484733 ,-28756.094874629434 ,
-35659.216863426918 ,-46597.099349885219 ,-18789.248517666470 ,
18368.816711179908 ,-35201.786959030935 ,-25445.052554356262 ,
-37857.616601670918 ,48120.477888862930 ,53852.099986505360 ,
48449.516178195896 ,-23660.078437590841 ,19016.834910166734 ,
-7169.2964238089744 ,4186.0544540567153 ,-69894.829147075186 ,
-10469.808989650950 ,-32820.076421980142 ,-16491.788865462855 ,
20148.397831084381 ,-1843.6202106741630 ,-38264.658868603525 ,
18642.278669641626 ,22132.705411259860 ,40932.209578653783 ,
9454.1788014750564 ,10865.007221478820 ,39805.037259311852 ,
2669.9372097009050 ,-10538.785137933659 ,-44447.021551801758 ,
-5605.9631963130832 ,13333.791422003947 ,50054.061148139925 ,
3616.0079530253593 ,57878.297552247132 ,9892.1974826226215 ,
58869.303916527184 ,-53441.420193921789 ,-66912.339891433017 ,
27614.712227399992 ,-15627.614131201088 ,-44565.154729476031 ,
16842.726600273640 ,-47334.653090654334 ,1453.1875188434753 ,
-22695.364124472308 ,-26862.219562474751 ,26495.751729612908 ,
-53985.028374901805 ,15335.153486619471 ,64875.457179146004 ,
62873.804960267677 ,-13331.073107607199 ,10284.984340233164 ,
76474.952249716895 ,-23546.758260446106 ,37759.473681563737 ,
55982.366423067411 ,44259.405059481833 ,-21540.560122364750 ,
56950.349648751631 ,-26459.245125768135 ,60589.685138968067 ,
31256.914523219169 ,-24349.532829927983 ,-22330.383038854958 ,
56483.598906466657 ,14819.318201474558 ,-4373.2238220540257 ,
3114.8013072779199 ,42076.345867329139 ,-14445.239100284938 ,
43056.823616679139 ,24940.128350335483 ,-10262.491248607585 ,
-54092.940781263344 ,19983.351327901401 ,24085.282274892252 ,
-34343.843850353405 ,-36297.911408774809 ,-73405.609771284828 ,
-2652.3941041145572 ,-15530.608482961970 ,-8076.5798409369909 ,
69655.508254885979 ,-23095.328902818168 ,53276.609144192495 ,
72189.251801046732 ,51149.145983672410 ,64376.621292321499 ,
-17522.958230837536 ,-8606.1498544254882 ,-17485.087666160896 ,
-38600.641297331123 ,74627.440990934934 ,-15044.185199099735 ,
17075.806370354316 ,-40723.547196530380 ,-77175.819271830420 ,
48648.484814894058 ,44575.739395219978 ,60124.719410513360 ,
-41140.924052231290 ,-29037.829027512049 ,-76971.934687584275 ,
17412.953809229337 ,37463.545706443496 ,-13431.107371550295 ,
-15858.659938079267 ,-8590.6566620525336 ,-34227.419188087129 ,
-32073.479353806524 ,52786.513420720607 ,47148.524087442573 ,
39676.250950475405 ,-28540.604837926763 ,40575.780704573837 ,
6836.2802393942466 ,23674.832439612248 ,-16164.577922576742 ,
58046.224997648940 ,40260.150922648776 ,-49649.025571978884 ,
-25386.746822659272 ,-32520.809411017650 ,-12628.027113340848 ,
25299.813336850293 ,10401.264468005853 ,54759.086341632297 ,
13732.668805837224 ,53136.991128209411 ,67917.761695770416 ,
8689.7173545221922 ,-67917.001803182444 ,8485.3314734891446 ,
-45633.801734744207 ,-50771.221953629327 ,73003.230435139689 ,
23551.004411282345 ,13193.368046643242 ,-10401.949079193577 ,
-40044.725980135176 ,-7820.9056546010215 ,33741.436798004550 ,
-31096.079397019847 ,-22215.917493471919 ,55773.983015182319 ,
32646.729956535411 ,-39441.355465604902 ,-20741.958612510800 ,
6556.8997811887448 ,24877.921337748179 ,16630.396817569323 ,
-61829.070412225577 ,-27020.377932459691 ,11222.526352075798 ,
-49059.486017097348 ,46416.840610949686 ,-47060.276287823952 ,
-72342.170211023287 ,-59588.935631735090 ,22078.949837660293 ,
50160.411308287890 ,-57702.518939942835 ,-15645.506657933920 ,
-53718.396590172531 ,-20734.904832599274 ,2817.5251253295323 ,
-7309.2601293203597 ,13258.967925143361 ,17476.270481766376 ,
14964.308262958330 ,-40028.865789115109 ,-16021.089736171982 ,
24534.180812789993 ,-11208.012606686530 ,15363.717864897275 ,
15107.825690018895 ,-12074.301709226909 ,59063.244127330654 ,
37083.485641841391 ,7309.2177708248209 ,-46778.865984620941 ,
18212.205495072238 ,29696.152569704587 ,-27989.405910263893 ,
47151.702751954406 ,30568.054065005465 ,-44995.459366365169 ,
-7453.5988425896794 ,39808.264842865545 ,-23286.031896012173 ,
-54949.093971634204 ,58055.920102288954 ,47029.101262613978 ,
56068.745421551343 ,32619.683171438861 ,19423.784427988328 ,
20847.506785096080 ,60712.325615461079 ,24746.149758593212 ,
24385.419444189658 ,21604.346633111516 ,28283.331493667436 ,
24075.567613644314 ,-54839.191038597273 ,58070.960999089744 ,
42385.972256531182 ,-31427.136531944707 ,45642.426996378308 ,
-4524.1795051444797 ,-54332.739802904827 ,7382.3581577251480 ,
59134.369673638175 ,-59762.372368915698 ,-1062.0581814683990 ,
-9020.6522960950006 ,42356.432436403396 ,53094.388156746667 ,
60880.789070981184 ,1757.7381025102402 ,16244.333254472649 ,
-38693.932308202347 ,-64580.904690480238 ,-22710.316097320094 ,
4648.9134693639453 ,-35191.190132126685 ,-6947.6373427534445 ,
64580.557487154001 ,44099.723230466974 ,2.0306969194414060 ,
-20862.239087348164 ,10582.055626584684 ,-37453.805281755915 ,
15700.960029538181 ,-61207.253198632105 ,10292.671324707033 ,
-72714.319778310950 ,-74002.280830750227 ,-30452.443995700625 ,
-17414.875823201630 ,47374.972691482923 ,-32358.507076720107 ,
37110.201904289970 ,19722.135671897682 ,19568.278553824901 ,
-27886.283947026564 ,-22084.619712455198 ,-11575.364536511403 ,
-76713.135629980170 ,-62831.893602244527 ,-25396.314248744529 ,
-67094.846619880322 ,24533.216929358612 ,-6671.9772518315813 ,
-16249.414205009407 ,-18107.622409876494 ,34600.894355163080 ,
-44416.783920759779 ,-14621.479735314013 ,-67831.356500123555 ,
48290.915821258917 ,-25820.530738524594 ,58808.316973455956 ,
-10023.668936042341 ,67451.825103389318 ,39331.260507517909 ,
12766.544297362256 ,-68293.000353827170 ,36025.093395103024 ,
-17548.101671054839 ,-18101.941665351562 ,-39851.112362443164 ,
-37549.923043024122 ,-68886.968060928441 ,-23252.196433938272 ,
-3106.6711295933865 ,41247.709566252808 ,54121.244964385864 ,
2659.4135354110058 ,31684.797115464309 ,38722.137441056926 ,
30522.967620501644 ,-13895.028172353868 ,2915.1378657174473 ,
34738.424873142059 ,7085.2193085302260 ,56758.829158000844 ,
41904.075115941923 ,-23268.428296854276 ,7651.2871755254901 ,
-18638.942890315608 ,-9368.8020684286639 ,5556.5810848230094 ,
-15157.072970359435 ,-51472.298856131820 ,164.39854218234734 ,
80814.047834926358 ,62445.029592617459 ,35702.552662443763 ,
48132.334537521747 ,-87.352746047291774 ,21500.978576023532 ,
11481.768931165594 ,-28587.161714652771 ,63771.813035352643 ,
-39347.783051644605 ,22653.241211162927 ,11399.449152833613 ,
27869.889064313389 ,70690.326820814720 ,54690.917691746436 ,
5481.9705137873461 ,18661.856823462007 ,-42307.163433809845 ,
39073.203238776521 ,-42576.467093344843 ,33245.217252654402 ,
58126.691083482656 ,63674.096945936108 ,-66822.446885872167 ,
-53527.747788069653 ,-23630.522070585870 ,-55502.238101634248 ,
47534.752022243556 ,5411.9175862242901 ,-41973.701176029841 ,
-8362.7060036834719 ,-37269.637501673074 ,-29203.034863085497 ,
-73504.644665929547 ,38589.669208891006 ,-45705.095817236084 ,
-36116.968746096580 ,13214.777512914716 ,-24843.249915171382 ,
47743.485804192067 ,4508.1910075242140 ,2029.2089968292435 ,
-66965.073596864662 ,-8293.7419824963217 ,12983.955035443165 ,
55191.165509844497 ,-2546.6197895604828 ,-539.08004672917673 ,
15067.401998678888 ,-58801.464827034433 ,3688.7359653219978 ,
53086.699742630706 ,-1215.9196004687255 ,12259.848277323774 ,
-4258.7411444995396 ,10537.220877768406 ,50975.007204048692 ,
-23884.653044963557 ,-49953.048630315716 ,-67299.617422905270 ,
39884.584234134549 ,43697.470239678529 ,-36244.566559829349 ,
-8374.4601380184267 ,3137.5695676224191 ,2713.4662022739490 ,
266.39309483370567 ,-21476.025473773800 ,-51304.369700564443 ,
-52226.852343746417 ,-15578.422294635635 ,19428.527707727764 ,
-72831.282035132957 ,-30870.883203959536 ,25392.924951731151 ,
38046.960868960865 ,64301.019759237526 ,69928.522482116590 ,
235.94496458914367 ,50562.705916701030 ,-43824.590534162104 ,
-22098.332691151296 ,24176.028105239715 ,46615.305929344744 ,
-61901.716550245685 ,39617.027129606715 ,-12521.765047543568 ,
19813.881451978996 ,-60390.575583901416 ,-35950.090964206414 ,
54650.307071861447 ,73384.605998261904 ,42696.463214616946 ,
-34243.213661157577 ,79191.732659213201 ,-45165.842746688708 ,
-24662.396479627940 ,17638.508859171143 ,-4877.5140044139443 ,
-23864.969631121377 ,2518.9327150878344 ,-7727.4143913831922 ,
10775.355425171103 ,12140.195191919593 ,-40303.055923175059 ,
-26353.245669769680 ,-16355.941191522716 ,-42074.904567545549 ,
45428.999518465564 ,8166.6423495886311 ,-35001.660653068095 ,
-38237.258847354446 ,-38553.851825823105 ,36396.550011263978 ,
-15989.040911528309 ,-46498.654504964659 ,-36646.789504120577 ,
45039.483248824210 ,-9309.5940123880991 ,-5173.1723912631278 ,
-3938.1214202087267 ,-40320.510066866162 ,16382.120110621761 ,
-13437.617421949579 ,61277.994978569455 ,4641.1220985168729 ,
24883.654183981351 ,5345.7692120798538 ,-31634.713620428669 ,
39407.495596994180 ,-26141.621014920696 ,42526.471606170453 ,
-44382.994876593781 ,40541.153912577443 ,46279.013634605333 ,
6418.7329437738472 ,3055.0526145858598 ,52393.100075762100 ,
37664.787719609500 ,33887.818426095626 ,-42249.318962951882 ,
52840.205506363716 ,-60543.072053786083 ,-5011.4428580239874 ,
-49716.343420840094 ,11362.457037354381 ,-36265.454563514846 ,
-42661.139579756258 ,77791.636561403458 ,13342.467477954095 ,
22802.199048616283 ,-591.51729218711012 ,8377.4618107921688 ,
-21039.553453249544 ,-56894.328444244064 ,-22603.282788886419 ,
56454.860325884096 ,-50027.925596874295 ,27280.307040617794 ,
55115.862173899935 ,34359.333238196261 ,14782.434739328386 ,
-39179.031591756182 ,-29316.493038625526 ,8834.1999751331678 ,
65055.788152306421 ,36566.632241894673 ,-67117.753932711566 ,
-46021.117079048250 ,28165.313360073884 ,64493.753927054291 ,
22429.603302276730 ,34380.288267452561 ,8113.0412920403169 ,
-60167.957387101189 ,59200.705200170378 ,-8905.6917053517100 ,
-56678.203932952092 ,10320.028309723248 ,17445.095403202082 ,
17466.524966363573 ,-38000.137340015324 ,19070.113767247964 ,
16942.279186908141 ,12309.234991927811 ,20509.533667296349 ,
-10244.385876523264 ,-23240.724527529077 ,-28441.048348672961 ,
-20309.103765674914 ,21661.424099627846 ,20454.424432952586 ,
4741.0300735800174 ,-30225.563002848208 ,58563.869093991249 ,
-31109.246261413653 ,-70170.237703700812 ,-12330.053168745275 ,
65437.112487711536 ,61922.338367542856 ,-40727.475065609367 ,
23254.449306415150 ,-55605.963324527132 ,36611.322519506153 ,
50733.705008716235 ,-19340.130383449858 ,30965.267336865869 ,
-47424.981237625441 ,-57479.381824909316 ,-23584.216091967643 ,
-43878.516383212525 ,43968.770714580787 ,59051.774049568550 ,
31050.095609535820 ,28289.907565076563 ,-24587.673301031602 ,
-53096.499625929362 ,-30954.591917838919 ,-62107.481197928973 ,
39494.215155852253 ,53799.393325914651 ,-56197.958349405177 ,
1878.0240093269888 ,61944.894395938056 ,-21228.284323103930 ,
30349.989012596572 ,33851.643935682449 ,-49522.422258620812 ,
19279.707964404210 ,-35074.456915207586 ,16458.786087799515 ,
-45650.514869256105 ,-1244.0311391305245 ,-41815.004626832066 ,
-39454.019876728977 ,-48459.669510464722 ,-8869.0471970574727 ,
-28558.419449406494 ,22186.812972113377 ,-30812.412486214183 ,
39187.711521705649 ,32077.641423424233 ,-42790.247930949350 ,
47094.945251223173 ,-34239.185946462865 ,-45407.459027267876 ,
5950.1131014024022 ,-5380.7581565665087 ,-71962.080820379633 ,
60678.304226209868 ,-17087.238532895528 ,-50204.222416024888 ,
-35077.779186664273 ,28301.750244204450 ,-14704.998879239720 ,
17279.679079466780 ,-45972.263459165908 ,50108.070500154325 ,
-12674.577749529253 ,43782.279879776135 ,-40984.079131016821 ,
-8655.2910729649848 ,-38807.673672088553 ,24386.201435835155 ,
56776.455399075821 ,-46761.761099266761 ,-1142.6513215627181 ,
13236.850275891158 ,-10065.814193884651 ,-47596.432336521117 ,
23625.083335737745 ,-62489.797083885322 ,54931.506904051959 ,
69194.900689049624 ,52954.057086826469 ,50156.150605808369 ,
-41527.346254225333 ,-57701.267897734790 ,-6005.5081709846127 ,
-25579.884261174793 ,-53236.934035537408 ,-34096.589457755508 ,
-31879.356543138660 ,2811.9887942977307 ,43623.770214856871 ,
60420.671580589413 ,53737.800794516108 ,-11629.187800790472 ,
20371.569011817832 ,-61723.049006434936 ,54149.341048609953 ,
-37577.498523569215 ,-57384.587477677836 ,-23744.661270139088 ,
-17227.568598965303 ,25819.463785894317 ,69895.932802847354 ,
-26762.925310414903 ,-9018.5491349546901 ,5385.8927551885881 ,
70587.388630911082 ,50368.694586515550 ,20285.770825839179 ,
-30309.432133136121 ,-33459.740563565174 ,5067.1283043865460 ,
55570.891417847321 ,16289.626430794357 ,66000.607894100918 ,
9184.0926169636696 ,-32503.575088560185 ,57385.934212877371 ,
41060.234158745538 ,21221.628083507068 ,-15911.854396513845 ,
-60749.550054520681 ,3079.4800284832540 ,-7970.5672288070582 ,
55383.347528381288 ,66973.700011906156 ,48831.318575210113 ,
-28543.115900598023 ,18244.472544416214 ,31735.176803489878 ,
-45997.983529157966 ,-41088.126325749341 ,62852.354138919269 ,
60939.834359389512 ,35043.628038191397 ,22176.379202371936 ,
52519.883317978325 ,-58494.894033089178 ,-32212.717704043444 ,
-8762.1983816060201 ,9448.2045768748885 ,-29575.957741142789 ,
39773.853334285988 ,39076.413654591670 ,-6425.6522314049944 ,
45393.855093117818 ,-40035.750854435013 ,-49953.652362948342 ,
46376.296319759793 ,26982.692676672988 ,21788.802787088902 ,
-16566.319682642188 ,50228.411347081608 ,38055.136268904040 ,
-27323.882885537150 ,40966.963544605584 ,-732.71548623849367 ,
8490.9077217572813 ,43789.830090305004 ,-932.06095522621558 ,
-52275.649102051000 ,12719.241651968840 ,30736.500318493938 ,
38451.412386408439 ,-65278.288904314053 ,-34823.117062119170 ,
-51964.028390850151 ,-33007.163440044642 ,34782.432205571982 ,
-24407.910900473576 ,36697.013564810870 ,-79189.625548314594 ,
17586.157528439086 ,71703.688525444290 ,-7682.0216149219768 ,
36112.992612874375 ,46474.399906923325 ,13337.546732429309 ,
-43742.387649357937 ,43602.860330056457 ,64225.122755443714 ,
50845.499273129426 ,-64027.569057614557 ,51952.667018720087 ,
-1992.6963187524616 ,44089.913146465457 ,57750.193999502466 ,
24347.764133275261 ,46951.288508006692 ,-61852.459335186366 ,
-38317.381184617581 ,54804.018303308585 ,20197.216805479489 ,
20060.257732147118 ,36336.030833471268 ,-47929.078984009495 ,
-52328.603356795611 ,65784.485786212317 ,58565.990935160567 ,
-23379.821183788092 ,-30914.437240751966 ,-21495.606866849073 ,
65399.597796518712 ,70989.227056430347 ,40891.615483188230 ,
-42713.659431934073 ,-43497.020535230557 ,848.19088380994458 ,
26958.099176275024 ,-4435.2593753907740 ,54893.925638165565 ,
34155.442356726744 ,63180.123384463492 ,-35500.529818311436 ,
-18709.464567530111 ,-29460.156951972265 ,31363.693892709151 ,
1600.5122444320873 ,31123.685037795531 ,13675.355003038196 ,
-29530.027403119198 ,-22647.146801784769 ,7562.2739471573295 ,
-46951.172468720804 ,36267.321500285077 ,47664.075089468519 ,
28153.073378430963 ,-61226.617217765131 ,-51563.473316116484 ,
18730.166424509411 ,-18672.701921680469 ,-20790.883708315392 ,
34371.236826616281 ,35057.932947608322 ,-33590.227801449772 ,
-26417.805573534341 ,42166.086006304802 ,-2596.6347751728267 ,
-16547.773720840130 ,49589.289520546372 ,770.46373284659512 ,
-64819.723464466224 ,-60411.246856328675 ,-16545.515147993134 ,
43560.684492689696 ,35827.736255882992 ,-47756.932173788555 ,
13968.414336062739 ,-37448.308950790044 ,40741.097141009821 ,
-65090.971498163730 ,11120.564123367622 ,-59259.583160937756 ,
71130.399282424638 ,-24666.379066861198 ,63920.690489445711 ,
2392.4733343768844 ,-24000.759941519314 ,61634.768599662697 ,
-28200.873643045670 ,-44300.718186872677 ,-61948.727916453507 ,
-54958.908252350964 ,13113.116375486605 ,31265.733443284978 ,
-37820.922356946867 ,-22382.150339426855 ,44728.829415939479 ,
21451.702098658454 ,27811.383867644818 ,12156.463749618299 ,
-165.83541682781186 ,29997.723442623133 ,-54465.960670970380 ,
37747.918254157768 ,-47035.398025941235 ,23254.179915947054 ,
-10401.976997989846 ,33854.197339829407 ,-30316.427520445784 ,
58220.634436988730 ,-45343.819416096085 ,-204.97351792406837 ,
-55778.575362630698 ,-41963.018903573779 ,-52235.603068499564 ,
59528.624189651200 ,6331.8886112050177 ,48222.138200788926 ,
-8511.2954811687523 ,-64732.259416271692 ,39093.893116022562 ,
16008.257010279829 ,-45002.942544475176 ,12912.164740103430 ,
46751.119220781016 ,-54827.645189919800 ,47592.987893359852 ,
1138.0182719349657 ,-69178.579231851618 ,28892.528142438401 ,
-57083.169994731506 ,23384.741034719096 ,51923.248992362162 ,
5252.9383741074143 ,72301.583238448438 ,-19227.083303316846 ,
54370.831283244428 ,-5038.2722647392411 ,44993.213796028824 ,
-21187.326236879162 ,3329.3990960270871 ,38052.238254580123 ,
17149.804287052819 ,37700.938215380462 ,51282.467769485564 ,
-56610.525774682756 ,-44729.970753015339 ,-69157.885793732101 ,
-53873.227124158671 ,49162.335577516678 ,-34571.221551934097 ,
27842.507085325095 ,-12932.920837720796 ,-47413.399988322963 ,
13028.101870697092 ,61634.548092142701 ,7290.4330824955450 ,
42734.448878760290 ,63202.310056451810 ,8704.4969955819615 ,
4347.4063227118950 ,46157.211886438068 ,46667.506319464126 ,
-53556.855784029482 ,59549.663308579358 ,-52243.777953323901 ,
-1788.9607437994512 ,-49440.928704796628 ,-53280.892586751659 ,
20728.704709285877 ,-46664.454831968513 ,52505.358334947028 ,
51420.900052817960 ,-58849.821444547655 ,-28884.968307316769 ,
34892.982012683940 ,19570.976485166069 ,-33330.155110382912 ,
10232.845481738570 ,25496.918671386320 ,15778.334763677354 ,
56904.394302352754 ,-55208.441226674920 ,13185.924690074773 ,
-13663.711216560037 ,19061.395284739683 ,771.94891378678324 ,
-62852.055890521922 ,-12465.536377011209 ,-29602.980344125750 ,
-53868.239607210526 ,-23117.287013753165 ,-20804.958722791322 ,
-75919.731421232253 ,24289.050811354213 ,-84243.601192232556 ,
35924.870676332248 ,1373.2604075299510 ,34912.866016928325 ,
-32812.755141991649 ,-30035.842430527879 ,27764.558395984459 ,
-48601.776563923893 ,2234.4538584807451 ,77929.293427239027 ,
76849.150643604458 ,-22679.069746185716 ,-24668.548335597246 ,
-64471.571301290380 ,-1869.0504698607951 ,-60491.939480144523 ,
-21190.373215999105 ,-31198.947598934323 ,55464.949675039468 ,
35953.776104416618 ,-55198.328463351274 ,-22925.285603789613 ,
40968.794782534125 ,-8013.6385463849310 ,-32398.046998806924 ,
21401.056185560767 ,46224.717336399190 ,-34173.957483443242 ,
23765.830241667059 ,-20899.120042685481 ,69320.604299612067 ,
-36825.454124574637 ,7699.5351155427634 ,-61058.230169555682 ,
16654.636118220504 ,9451.3411719377036 ,-36665.383335317951 ,
-17954.808532136620 ,70367.065421824358 ,30685.760837572885 ,
-761.28656420378002 ,32466.366105391124 ,-57629.134817602375 ,
18809.895632050928 ,43048.284204000607 ,36450.230902231408 ,
-19055.895898832961 ,-32785.119793239159 ,-39952.218824423260 ,
